100
5
1 2 3 4 5
3
3 5 6
2
5 6
2
5 5
1000
476159 630220 403961 920025 16852 987611 704115 803995 803106 201368 819418 652969 147431 861332 440037 721289 83666 679465 5344 63829 105413 45721 588882 219250 196738 814953 769680 397013 213758 742393 549679 358821 307020 364202 486718 178964 1642 465435 213493 55981 280761 672778 829440 29537 806370 303053 857075 886907 298641 641893 569224 237251 962328 656100 948749 148528 257873 921199 300568 372652 273813 826817 298064 127139 111000 919223 56158 169209 333099 561759 833151 970839 473059 673547 317643 515056 37361 746738 535378 672047 842522 823005 981450 728879 109350 328176 623323 128114 390781 387022 136424 417612 679093 929803 659295 613929 171587 983441 766659 692119 476459 563819 82794 296958 25390 988646 361657 650135 753556 470342 979136 981032 488260 45665 783384 512671 22243 726345 605130 977177 598085 407668 114888 161774 736616 833303 350419 564404 208023 1459 225043 148878 821589 85652 205500 421825 914019 284172 311901 756802 471085 913006 513660 276154 895713 612158 456086 829498 330244 204617 207527 259676 795521 812772 171893 33593 186482 8950 591732 331675 636744 164517 655430 753399 289807 973501 280174 994713 982009 905343 421302 809659 930577 356932 765834 350789 250358 890918 714543 754281 72798 416618 37678 510003 555909 389172 463894 446041 25377 389246 737501 521043 9378 206117 207835 24235 386302 238004 440669 740877 970869 550768 145327 901749 924327 778312 232769 524461 245783 656801 906509 702128 513686 703051 166223 434472 57331 62682 60642 434478 278628 794837 183510 494961 529002 323812 312946 360144 624625 879049 453556 982334 129822 741852 601738 723159 77420 108433 3551 179315 577506 955574 491139 768612 16075 27325 371310 738329 127422 681315 968042 647267 807887 465349 936052 886525 890353 451702 621216 378319 217705 925520 425102 173576 73224 816872 382350 31242 531236 400449 482213 326955 474401 498801 399259 174165 43789 544711 461489 61086 26258 324515 129430 217709 474718 649583 56323 644688 642574 260895 487828 977531 974781 690250 432419 414684 675817 989066 466472 653771 288825 115793 141490 236827 749459 214489 147173 345469 776518 961616 521750 969102 276328 997749 955505 741979 934941 849164 822163 47102 439402 52048 765473 526946 249300 572545 751957 801366 767931 477475 802552 344500 618252 147163 595633 383347 440412 90506 818023 119350 734932 551360 998745 951812 922132 818617 61818 809880 17471 106637 767728 178150 555294 938427 162288 53976 275826 122426 484634 876527 734448 636274 531786 735314 684157 547848 406652 337692 328776 690988 169088 13823 997803 987767 650690 184464 381145 834014 435163 742622 449261 562088 513140 407683 610867 145426 995278 68249 340492 453038 295122 141155 365775 700517 691868 991274 873540 838184 553184 240174 347886 57355 965421 86180 851660 144308 474596 144003 334450 662200 542369 380125 278020 871270 495848 936492 713165 376523 964730 71065 862688 635411 152552 159435 622900 36091 501035 393179 439659 570448 570634 173707 115254 885567 63425 663854 543385 700169 444587 708259 428637 373940 195850 882082 513857 331868 854495 566995 355915 768734 174359 465666 42515 275275 420988 817145 127978 42244 955818 826329 944843 427909 135163 392566 774961 966293 986152 757847 673667 268453 905117 417353 616788 919148 935401 371205 735431 511242 81182 302338 693198 398713 951690 896628 573097 737852 28001 507890 729743 146709 383204 328421 391524 25173 771881 605491 950399 882405 183074 864659 570976 237324 619438 404863 527977 708032 399725 226789 613702 511879 111503 846000 109017 119322 461901 639009 68718 716960 808851 589912 451594 117764 5096 258244 538065 528449 563291 330835 30312 490655 660488 85327 827480 791684 632318 721788 694714 627610 491508 743362 672518 668743 100709 107268 775744 458082 815435 174928 644660 462289 406853 624608 593739 623196 429878 342012 743661 662977 396778 108829 337216 103287 178548 959671 859496 938473 990008 460178 186949 98206 175419 714726 596730 507629 532358 545320 189931 238373 140805 646077 986621 206314 472431 311109 98641 164207 971528 304343 275920 458535 448054 453930 149355 606575 784887 461201 913411 178888 583641 860496 421500 805504 353561 69134 13378 800534 164190 269737 762109 931520 87080 630513 717529 50158 118526 654510 897538 450900 934017 39412 717507 213781 847773 531673 16740 431269 536761 926330 115557 911255 776484 483058 134944 768611 891721 432914 806217 236443 533901 956755 665964 501349 381067 939223 203654 549935 776418 103108 115689 455624 42173 178235 423419 864169 549115 850513 761438 554996 781830 999025 105892 23148 910488 572391 847539 546041 141997 670352 715047 703226 20579 125977 459475 628873 794538 550844 278146 301539 78621 662142 102388 424524 437958 577156 669707 582350 625482 971997 333672 177417 911467 639358 156370 32152 805388 286696 231810 666656 567907 241932 747456 757958 551216 576473 467372 490903 678490 845783 557365 647968 834891 466398 912861 488857 265932 84882 855141 379525 733057 973462 991520 10170 772065 387562 34497 912551 665017 966463 418222 965471 587398 685517 173976 798296 668283 35262 620444 18987 254983 818845 911130 292075 473395 781074 805246 474101 884243 923276 325446 99109 85813 306386 992467 421649 162925 477510 68910 505243 279501 611115 232616 258683 137624 524998 508645 704702 783773 850848 630878 568417 266145 929298 368720 466209 855124 624379 240379 241586 682624 671307 13537 838157 192016 100495 329577 815134 141154 588322 398788 843280 442369 821958 368461 997626 483327 991778 26797 767970 530734 328068 326192 711058 319418 826131 217822 111303 595023 885478 807117 303373 689623 80982 193083 982521 169623 948250 913605 379411 511600 708056 275622 87580 722480 465299 27601 982624 527536 865508 336938 96158 468669 332326 455092 940542 332796 754359 304408 579557 277643 960960 72775 909960 761964 82149 987571 348333 928456 632989 186736 752416 726948 206057 842897 711455 495085 60620 621008 151875 425088 574859 251092 107721 125353 354230 783115 762371 222518 145690 994672 958117 393614 286282 356278 780224 463577 536427 37754 507453 798202 993612 653295 645094 260654 726658 972364 857213 965546 780486 435842 215647 941124 327770 324385 3921 45701 1460 622076 896774 40663 65170 488917 954698 652333 691675 975426 642489 128050 573032 51125 891078 130712 530213 63332 652857 680187 76107 40882 411833 99280 601948 461873 19727 328331 320811 261584 352590 719592 357499 63902 589324 142502 376551 441477 317972 929168 132729 282719 860780 229017 385580 815383 379206 77949 10768 559340 651195 356268 225599 618395 619081 516503 323954 149841 778529 526581 618635 873179 777653 826909 630989 694924 840458 992368 437908 711702 888493 133790 824107 674535 658118 547420 242316 139184 864335 17882 87305 488923 465529 484384 902508 475021 788128 206421 488887 775997 812596 459415 888884 66752 894694 236259 556839 79504 187489 355847 622285 867771 954916 354309 206168
1000
954757 61087 791913 203404 290921 560846 144037 832855 972231 361225 924336 940144 75022 822728 731421 558563 672562 561740 879111 594926 599905 670581 48261 464557 449037 315705 280787 781929 386926 185584 391512 650140 414362 207852 964365 340610 92328 468735 469324 299619 668031 152443 702783 907055 363893 297014 882391 820717 960581 556633 594171 758945 707253 254241 812329 409730 412363 716223 642512 706547 90885 573649 591854 964015 168709 214201 896579 359556 264879 34575 537722 647655 463101 47473 604761 660346 828880 624628 642865 39969 481632 74261 872157 51990 591291 427906 463829 312910 899981 314453 144686 209901 620682 529346 158285 882140 540730 746249 459378 574582 539126 462836 401860 160098 267704 791230 525839 274329 276180 150798 952454 748096 669373 834869 591179 60876 395843 133092 115646 797815 611045 429274 854238 735902 225600 39930 334253 669592 32436 625888 717874 64023 282574 693174 518187 36168 169875 203586 685898 767134 156310 314939 177792 98785 760070 227082 916642 449933 450503 637391 229401 94080 658777 633440 879206 689755 165089 619229 572905 85694 572156 745778 926437 132912 964053 378827 763022 41698 892932 863092 370337 671056 899884 409507 389462 579967 532892 844597 636881 978324 758793 466236 415595 487635 11503 183243 265857 37796 695991 72167 330592 442549 276510 877812 890045 250157 715306 704674 81813 665240 374707 102025 333056 36104 540352 50477 375993 785615 463463 466322 498460 736872 291487 507128 603920 14515 219521 459210 92419 917248 950245 449624 220464 436660 838050 501302 793826 233367 969331 909553 505422 76761 858395 141268 362445 883917 672046 278612 499422 810540 151124 573181 224304 320290 409608 365445 342062 541912 400729 482455 458709 815175 133155 650391 421028 4250 525143 714129 515590 786679 27740 965603 308699 924044 158625 590729 969442 213407 998099 595120 383909 911643 184737 765896 434727 718041 262137 664319 215572 538352 582023 781595 540626 687987 80413 630776 451445 35046 925313 731831 446586 628809 824886 635084 558279 463144 783934 619464 701246 131047 358918 756554 716606 741562 609571 304059 673954 576451 834270 526807 420407 2932 528219 855420 635901 637062 261453 918807 220917 163674 854620 112739 244280 474404 41319 804263 372738 405183 605918 764526 576580 762330 854164 93284 193706 330713 611 855835 553231 254548 155176 126121 905145 68449 970485 14293 980382 679543 958843 668408 389178 797128 47556 38874 189726 263394 918767 960557 647290 937685 969300 200427 463684 309454 600880 916370 428419 383716 365452 942581 720081 185305 242296 604224 276585 361888 980125 736064 158770 355914 162407 439786 339714 570572 530414 450922 47127 84727 307675 922161 109367 327237 174188 982064 53738 103334 393653 288386 809210 19302 260093 635986 25033 306424 959677 238690 619238 253104 135044 589161 733634 184183 879066 327373 270187 190154 707902 799035 972322 423864 807704 399368 90841 867360 518687 214036 416127 684749 287705 168753 15767 621683 101766 725893 111819 321967 402195 131326 292812 817839 942924 705406 639490 665261 505119 64668 9580 353107 850736 691261 19918 481819 950557 955152 540749 960412 47855 977240 87403 790823 530007 145341 285630 413510 114420 359392 795660 371538 118100 798563 480818 64228 962076 442201 271329 614070 338862 171496 14493 685211 409781 525937 360307 385825 907283 819215 137259 135728 759632 355471 742060 224694 737118 831239 111548 950621 422343 580667 373954 627795 147847 373603 863927 802666 535676 494146 145533 857818 3217 391003 304167 804850 834510 646026 311260 587193 438182 467622 967074 902863 646853 874378 316199 9256 266018 880248 268923 234272 913137 458025 944731 722871 953225 239074 975553 318797 7684 161643 902104 770323 51219 906913 822578 198316 903141 623184 898352 328923 590086 948540 420130 330114 652256 884052 362744 838856 907087 332519 33295 699346 129498 204472 7752 152117 557965 722962 924595 340603 520131 93317 950367 137116 380545 666300 920332 693728 392067 238124 824895 171551 426520 171430 897636 85247 14551 912755 344343 634368 957024 253094 440863 185447 620659 846020 954968 964441 481128 569091 255915 483615 888199 545159 185968 735345 592288 395859 975675 132685 322620 984468 522205 877393 184481 272285 17760 375388 777058 295585 697916 911980 568265 563230 694451 89791 962434 414171 963475 436536 866956 54439 135860 473649 636332 935380 490415 745665 294004 329821 287773 101752 128608 145392 996367 690270 894227 894835 543868 739578 170080 991113 508172 892489 531242 270609 536500 952169 392367 437961 199673 177424 269941 259412 849593 230355 347013 430666 817425 339967 986042 765179 972284 810648 23141 683813 629292 679113 335364 136638 255713 674578 332886 420387 670836 843157 200994 474602 781851 677834 965551 58268 249012 699199 435081 503530 930898 684666 683329 200702 173653 407486 228648 747965 768680 183909 502847 420932 618819 482917 813298 447169 937008 536891 524402 181805 465059 649236 191779 359524 431113 476929 872114 63580 727662 320550 261978 242390 840574 812908 294435 820696 532173 807827 802701 13556 339605 604793 940909 800720 602640 420993 257086 779235 779146 184884 407676 448673 187046 718406 140189 342547 431132 594829 332688 399017 701355 199636 69244 714146 95286 994323 189300 270265 530036 261424 878234 582721 874539 381505 759491 887221 793009 488134 543889 675204 532800 716659 954188 316943 411156 77207 223155 893206 280109 783470 17303 657987 995741 445671 600410 673078 368845 718632 2596 39480 651952 47916 9592 880320 295427 7429 901491 530158 569516 754728 354248 642389 139842 321360 292866 856715 739910 975360 538733 293510 8590 725695 658918 636441 616499 750629 422530 608595 67794 381802 342878 312440 566395 352853 817749 226209 15720 7770 150606 526589 789983 294660 118842 368116 845824 928850 118925 70875 573264 279142 324895 949628 924055 494686 509283 634828 142734 900246 575238 880384 179717 233727 832125 118026 634365 554789 882531 747974 892961 258381 744116 444956 120773 44525 540260 830251 105519 252811 941523 954896 455766 49685 563270 2632 638105 857138 448182 358655 526877 812878 397698 973361 425754 304965 716032 31198 958000 686637 605184 257182 669033 721972 523192 195510 452843 348619 5899 440001 149032 386086 192300 963635 649795 156271 639558 171968 624640 28852 241378 254572 363728 467420 109638 12339 827837 327508 4039 325784 154316 143959 581758 239430 543522 449044 875617 885098 187412 743377 169477 339573 891908 34394 986936 627761 164148 557191 639336 733147 911035 173495 738026 925826 795414 802406 356245 511980 545607 313309 971870 538077 888973 428849 57793 84385 288749 265794 106944 558186 219564 275053 398878 225897 427958 333168 689416 354305 835756 373139 588417 705199 469002 896714 968938 50365 286354 662646 982911 490348 330240 939188 369509 77878 663169 565873 604320 675187 626397 211816 466289 327667 478581 802409 974447 527212 626688 918039
416
887130 374586 838245 749514 733179 475116 593519 102174 917440 851555 26243 624075 937080 168179 36984 799871 881749 5625 984727 921694 412144 239373 565082 42678 734671 609919 926107 139858 266971 998341 534806 742250 540067 434646 116004 907248 881338 23059 148232 22515 248987 828087 392855 693369 553127 426463 528940 505468 964940 828838 686549 654710 15702 316755 660565 169692 847665 771961 669114 825375 946142 424649 264466 40328 256845 949950 599437 387245 121197 13756 359650 416571 136444 289579 516957 631913 410112 48628 564812 275662 799087 563182 444657 871960 756900 67125 15744 284259 885466 270563 220523 107873 628397 490218 35769 795458 910809 645219 753073 643206 832491 138891 566131 801434 449341 724039 485602 524735 669238 520229 454027 905556 15000 766066 973774 428282 522035 363264 898892 729182 939420 78481 318915 538389 889781 465470 649665 824214 210405 729215 268120 553284 930365 528628 881837 230648 676686 129137 489396 94892 338747 705370 776113 797250 722688 764172 369784 752645 909150 716669 517145 891836 119405 377860 622828 932688 767019 313937 683649 195449 53797 27166 8008 802253 859252 852179 646404 228160 968954 677857 630539 942922 894878 199090 922303 504259 674063 978766 138313 392019 799294 240098 469696 801421 301779 492712 606918 597842 622446 420583 161937 311018 964218 99006 81465 97528 369047 975693 524235 170768 262104 468410 969185 802577 513020 376909 605875 280493 451132 644961 926602 470518 494082 51171 411085 284491 293865 156734 158602 116237 695327 333749 615235 237307 650493 41693 760623 333987 566447 461865 550543 626532 589473 799290 359907 135794 172410 88315 820264 435534 678491 753476 268983 13753 89733 769944 629743 273008 532571 774911 923374 216143 207042 172383 760203 163366 152753 679358 658261 215629 761598 393364 413531 805168 415594 756518 775173 576375 859247 25887 645362 313994 911017 22059 330801 276076 327116 314642 905305 732657 202162 114196 509456 343797 908108 998753 959266 458459 655829 574900 951762 747175 266765 364040 18413 278336 139053 674725 649498 693074 939175 246788 538277 292487 927714 915799 375657 928582 313877 47196 950696 24317 822709 999629 657275 533705 348332 696090 313367 900572 204416 321974 539439 540573 250924 335614 71754 623264 121660 314680 437379 550343 504452 680588 202308 536217 474314 923706 921578 705091 371448 152610 64232 320252 928498 20870 883911 883288 625970 55942 949805 12316 881922 593564 785719 377428 521781 6596 760711 784712 622911 262272 405535 377599 114976 91027 920855 651409 191153 112819 995013 691444 370075 90131 338770 279062 432396 995506 189808 700914 272046 692191 970253 763167 211854 667812 543432 596810 540844 299080 411030 450313 957744 516987 62470 363432 152555 37661 488053 624462 831430 418116 101818 202931 515192 675277 574418 782778 284192 445328 344013 941251 53190 990071 516872 466504
504
715370 552317 946746 749836 335078 20669 14171 730584 479245 754199 73243 444383 472163 744403 192973 74231 484198 228446 291522 307882 302411 54699 398575 458502 466677 861135 845641 912242 303112 414786 127119 75115 574058 245449 786541 224759 309854 291945 280350 298365 221627 775393 853277 41701 813454 266224 541245 625402 311222 502734 909358 529124 790238 315256 774973 6975 395356 524404 96251 752385 878886 351268 38134 915079 335089 347753 866084 100651 894586 649028 913577 608154 917851 740043 919029 561886 925641 892966 768877 132535 102269 398132 18346 135292 850291 367433 785785 995046 913120 693573 637548 194030 880720 334847 965664 176738 506787 993704 121819 384160 115160 5871 889936 201782 927772 897371 478982 871214 828875 702395 320106 634492 553595 922787 188718 381459 814319 436886 402679 985381 974539 665540 901272 548963 523830 512126 346555 414888 742237 693216 412816 458801 690371 822991 634331 480133 315489 350153 724906 913557 387550 31726 512017 43890 220840 848909 504617 166246 27968 763626 887346 804796 233526 2439 142579 708762 391885 210783 225851 939931 622972 439982 890661 567258 886652 595417 152010 562180 172206 621017 68337 415886 632326 176170 205549 647957 723018 61550 574090 12780 508279 877131 334488 254614 738544 221109 837615 169086 588345 5422 394014 823563 416141 942106 230724 739423 281915 563259 807326 757840 101735 105366 165221 48222 771113 780803 327614 699490 805623 53252 41357 335966 38984 759733 624067 832241 226969 157874 90341 280675 241995 733595 974743 245540 153509 366497 661606 473246 647264 121822 599662 35068 647785 850590 875456 262889 245268 520431 958231 747758 677550 296597 473809 461647 41685 536218 105175 850241 88508 61172 708597 131926 447858 186978 907668 538884 269587 218942 297861 385604 40255 149836 250779 959498 581326 334970 901575 252370 316521 104303 198637 962592 747966 907962 633164 450600 512582 862735 278911 450580 479043 425307 29619 235550 63826 698660 806357 287235 224467 881643 667588 534480 628278 975074 297328 44301 177751 695616 238719 634612 670292 895420 132651 835744 750474 695818 283044 542412 855383 167641 824474 151538 509624 549070 63884 586424 993167 213447 231222 641925 595995 425701 46333 713777 865069 891320 330212 533080 771041 279629 982531 157225 494574 500710 239742 287024 527708 388534 346855 789499 823538 432171 363781 126520 604704 171048 745204 273726 593913 121138 733250 564741 314286 512332 718943 596037 363896 866202 531312 733809 472063 157229 370642 85469 575829 770483 10926 776845 424577 940340 183369 661661 106592 371805 414056 785329 20103 926306 630099 777578 822456 287996 954222 435446 910071 686279 189406 158340 149373 897491 157429 171680 699160 164380 748253 559813 427833 176872 406428 461455 243997 184616 638300 451107 193683 771020 812388 207074 694146 598560 125050 889408 768613 943458 557030 892735 942246 981916 741657 825673 751293 265155 386122 815430 848931 15998 810667 824005 590943 749787 29123 925128 798290 579099 19851 69696 270322 77513 626050 830284 339819 50712 290666 145248 271849 581005 693060 140732 762022 886050 364020 650076 923538 786469 759079 859931 560934 989170 286299 811000 590192 576211 815333 499948 970518 179378 742784 374139 4565 415132 243853 756725 109525 998620 730669 189001 655930 206262 347697 812662 137704 346580 375685 477480 722999 803969 269586 890389 656125 175532 373604 588086 746303 446110 501681 119950 623647 801618 503984 850377 927103 538304 227017 999302
991
549248 461100 213376 718936 592441 550179 489 334227 333927 537554 963091 343195 16188 398035 624678 29996 927231 521119 556675 486384 101925 549222 485054 172018 868370 84242 975918 197443 343447 257889 998419 244328 746848 684419 913388 938733 522179 933492 147272 6740 700950 199631 239165 259823 369057 938230 819586 852606 223369 557910 527534 496625 359122 822791 669246 452449 61295 684588 669947 465803 637243 823529 960051 419431 553488 691405 670700 687327 179016 166074 481291 730680 902731 817629 115528 665646 938317 958083 552326 663960 849497 822215 780023 53365 381155 725788 557752 354300 862439 278429 71361 649253 768745 157389 915158 362156 428018 25509 20699 789957 913833 581834 97641 33377 361178 85212 539176 782762 247072 647079 393567 397958 897044 71517 590925 166730 120822 133353 737496 552010 863503 948808 870181 3610 84009 732903 919801 655819 960922 372557 879173 82867 97199 396896 934760 41920 52245 496668 970971 279653 50756 220499 392718 123584 472852 802980 500212 452761 846418 752466 294648 375796 401776 724973 516460 238969 266429 475941 841274 715086 229857 762453 401485 496773 93800 82022 972705 103215 277959 396364 316665 331069 603316 193960 132537 464176 64784 756767 316425 791717 357475 501877 284571 572068 418737 54265 594124 296874 565831 319312 173662 163894 894822 769712 333687 132629 643883 818949 653638 905556 490841 514795 926167 371497 700973 645283 914738 596252 63978 889752 532800 245985 175901 206858 978790 818875 283446 722212 983214 722675 607486 70801 396180 435276 253173 46099 399154 422303 55401 879333 128550 645952 968885 927085 160295 234353 331894 522361 10467 637617 718439 921541 99968 261416 763041 924689 1163 313362 581516 176617 554879 647178 341435 141146 412105 534217 473249 286705 884688 174710 961145 757209 688787 217396 724142 824502 642863 787537 999525 534289 584686 303741 877745 618597 639313 526967 155741 382352 735232 503625 214016 988405 132095 295519 642408 5444 733888 851417 90034 917969 737838 706819 79274 442721 560360 7845 837334 201740 501124 176408 460312 374054 441000 200110 640903 943231 594485 792172 468513 713258 629148 314029 523165 585323 898448 105223 375022 597468 231566 222705 33754 874103 810317 354376 333460 234320 237711 681433 277123 450391 36201 842394 185151 833131 744596 378241 834228 964245 411652 444766 645503 554761 201096 77192 542034 274069 357739 780092 526009 376142 475481 704892 175063 717625 242968 998811 443346 913502 38687 276369 986692 651323 193963 756854 261568 454141 411852 570218 924024 976741 91391 546232 188983 11263 603205 632142 472315 998233 960941 622593 911648 925047 469478 884925 721641 795556 691582 19362 483730 381592 687330 120554 506992 517859 156163 917760 984710 730788 909244 421384 677296 301618 776543 343725 588756 783783 441636 695490 576030 874203 169337 387828 721816 578007 669998 664810 949268 394312 805234 656516 532583 633467 580098 461694 518293 344330 921264 4770 502909 756916 540870 426891 381714 259021 166307 843079 531312 351756 318798 428902 721110 649128 558166 578429 171496 938986 686262 81563 921252 350137 446580 468637 909 910137 76442 497659 448665 949895 244595 584957 905530 871618 232455 2140 531335 983684 238015 630185 587844 358173 895559 536998 879926 29319 874185 566218 95254 351406 193677 352406 277035 841323 349847 781799 750295 651515 893934 985849 366119 360567 863151 226897 931383 1432 491934 574430 63950 738075 76587 733234 48981 479986 414742 779504 368740 909811 528729 109001 337924 571959 14690 797212 681988 846559 77077 982600 349940 931066 435990 351134 841414 220342 830649 803394 371640 14526 811630 252155 884027 123981 4125 947190 773035 582494 169806 648627 979116 840405 327274 704387 909880 90967 773766 929638 917755 10584 140162 61138 940040 462035 966340 353695 394237 44853 120426 565118 308103 70662 527915 773718 600661 419850 590709 343984 687539 957935 721544 764588 33183 132368 715343 989392 804596 613736 976358 64977 788033 884431 875927 652393 967810 377421 510048 803061 859633 291742 892403 475780 275839 382979 439803 493948 909347 924104 732880 114869 785752 906106 103438 438771 417578 962542 988431 713763 618498 392063 117606 875308 701052 350549 361349 315504 688900 241033 917051 799688 125925 257734 143228 461276 561285 811350 347893 677100 604722 238728 115433 45531 337448 434886 138996 566867 849734 257653 773539 383686 286987 824745 911017 589003 404081 635182 140410 709090 895006 81683 478087 981873 576324 668464 592004 19657 682846 348359 766723 470654 953559 643060 944030 618776 768964 335224 82825 417762 56031 961513 438945 472018 20462 450662 94831 717911 847490 79945 309120 893585 265070 146525 490657 144990 173441 580253 835058 470002 785571 994817 924273 798894 225976 826842 957821 787090 688314 305046 311503 258908 245452 771489 656111 360102 449538 587324 167462 288729 158179 297005 924604 237951 672023 271779 474790 110998 575260 854233 249012 514380 289364 948519 777874 624996 251781 747182 661388 356912 126 68841 17327 671397 59201 505821 580743 963895 46327 712126 817950 559323 202298 219610 19369 182404 896731 614220 776757 102349 619227 578224 718631 280922 1047 948557 61470 223091 541247 719157 242063 355363 360902 385171 329497 256433 288026 23217 459713 528078 105137 1933 542106 887731 285029 331800 333482 538046 839753 644121 909608 476124 941203 468382 27572 371492 636027 803164 481016 938440 648375 455822 454229 906200 507022 667763 857161 702180 946010 497441 995119 548138 883685 742204 385368 851396 756900 642786 755418 3983 731793 682645 863251 122203 900852 916736 789019 473982 673046 207269 924133 827744 3587 189839 487335 793779 523506 620667 540405 762824 102575 888928 989956 844999 761556 365002 558159 639781 516136 987185 834646 562699 393855 923337 895554 784872 509088 30904 31348 934268 198138 840724 635255 465487 458079 81160 444704 793644 446565 590933 541318 779198 367217 676660 197315 687816 337235 746850 542812 646743 377726 197318 186465 250285 699745 948649 586603 42706 300950 311663 954867 60930 342306 293553 507478 994493 734092 789632 171010 96027 547903 287598 702833 959707 776172 580250 482728 422908 298727 992816 837897 966929 39678 714581 815145 364323 587966 296723 858739 30360 146415 73201 429762 927161 259955 247692 955808 334039 854809 396317 319507 786876 445246 20481 514232 459833 626386 186928 242376 746798 116198 17757 530514 690952 571391 945407 580437 543461 221603 378763 784888 480676 755291 514676 844770 739910 314932 397756 862322 229808 644345 122062 22062 695709 323378 483997 187937 723046 385979 435881 843630 530281 415086 240401 610487 176617 762557 81362 747840 218791 549676 366982 106692 718074 561035 872566 666460 751338 970842 305574 121249 570641 35458 117787 213142 39338 522929 879128 415426 440151 919232 810332 270238 546204 412845 311179 401722
659
670765 439859 129449 531975 372075 141502 267466 426660 442768 489447 471804 213454 73134 653262 903312 926569 554029 71435 509575 591880 798127 507623 173530 845669 836582 244889 198071 904783 519967 363120 277294 851843 563362 498322 673208 534585 715389 4814 824218 60868 893490 491264 589436 997457 826927 559191 340743 894560 40671 154387 313348 699424 850498 720423 451158 828275 759213 807324 5474 99624 585210 202932 794 10496 488715 153372 868432 494555 889753 971077 597271 983246 65841 674125 960236 662576 426397 308973 575527 588498 998547 671422 173512 53003 469783 90641 905404 452374 943841 762141 951640 933925 934357 520502 978564 905141 447526 477679 891636 782926 992168 601082 502352 395423 299325 110762 759052 756296 909180 621498 529346 779909 254321 61433 474451 118666 405420 774081 633670 580451 593582 690046 577411 616030 145034 389529 453469 760297 402066 713570 863799 215652 975146 852100 879748 429644 993659 181985 671823 319679 963339 389995 197758 454973 393554 446803 612902 921818 521138 522221 577382 47946 461083 274011 57253 304330 283078 151638 452599 96378 191639 248944 883235 476866 878452 215909 481420 141968 838186 395795 605912 876649 472920 530082 621571 32575 71583 281713 947453 705159 80332 614426 759108 368249 992342 39587 752937 120946 598093 800913 247506 627397 869553 778229 830582 808565 719113 188447 159261 255041 363893 746768 152977 464953 13440 101315 588253 370345 157457 609163 874933 186050 317109 55405 853771 744791 870599 41184 650203 530369 129878 563474 237840 326971 685839 885790 476014 134939 454750 269546 736629 259924 244552 522957 202051 365843 552716 767832 855505 259326 398265 665581 29348 826908 881218 561944 845081 870838 865868 248013 743255 315652 73874 732091 735166 67763 191826 482963 674284 909193 579405 118359 262251 637836 38766 8278 484976 403087 392405 872280 564209 177586 853816 508037 324566 778382 575261 661496 199208 112213 81142 396381 530428 870054 48522 501067 943092 817124 119065 983835 434439 302159 202195 773475 675869 297618 845381 458012 408391 588177 621804 522787 776735 865772 675114 15532 764111 401754 255914 654902 549994 108298 2925 926611 170141 310787 33006 518584 192460 690314 540225 220569 528320 254122 293086 513866 367338 574194 266956 135452 479085 492612 907613 614 503667 28487 307611 484039 935060 863269 298620 156333 71645 316487 877505 650557 811554 280651 390908 405098 137813 463011 523047 674123 648948 68026 9349 857069 795727 187012 620326 824489 813308 247101 217540 85949 875774 701306 462628 803503 549664 560372 162982 181805 677120 830186 43667 542055 358448 689606 22788 379808 145650 305594 774627 452309 132706 72007 13148 468258 355451 623440 783567 64914 359012 182686 417613 900628 170146 47630 257293 289416 352469 424857 284403 131727 208771 243443 8442 415209 997779 897534 308264 190365 74699 996102 448395 128210 916346 51541 743412 677226 195640 329533 977915 509392 893080 847033 802719 122753 408608 583845 453804 86702 896387 686938 401297 411551 311182 226182 866517 814590 889334 277177 535524 398506 461494 45154 392704 373856 260598 280365 294231 946303 781548 247428 320298 418692 939557 56514 420794 393014 80192 208094 766633 481647 61974 933963 250992 655163 85340 388576 171791 951813 618644 457727 649976 446004 924362 965583 28718 989859 747774 51631 419513 83086 209903 303357 430140 997244 802869 867851 240586 365956 512714 958041 719100 480475 92481 939880 983988 554703 685486 772207 219154 276945 241668 459011 210818 180 353077 745518 20601 97219 563658 405948 192951 111392 292044 386796 997936 979489 517855 778181 704985 371656 651064 903726 342351 771388 932353 847971 958433 484110 746694 954944 902988 849603 311246 24268 949554 823754 463639 845990 293529 440927 972680 464530 414863 156322 574129 277531 638964 458040 119624 672414 341452 589330 21810 678679 246123 807169 237071 286148 670833 5206 50948 556405 457346 657731 389022 440122 353215 601268 990023 514798 366756 651889 704064 185467 838864 526647 725256 39677 418924 598590 303835 953757 561410 283851 413384 526722 767171 908989 684779 382493 884934 760856 220712 650607 650721 835888 970462 562696 885664 953950 651934 548019 930893 971863 767680 459183 225699 350025 147321 967407 419114 903980 871542 544144 334918 324858 786435 310004 887455 671723 140656 303287 616361 650415 270238 806506 758506 221491 892845 373865 200415 805111 613382 555192 831455 646421 226586 907109 606454 496690 455123 947475 795559 994548 121376 984861 647148 223905 833091 359643 191901 22868 700964
524
936764 518913 250168 433975 244661 897796 30873 750517 689682 827874 779786 733839 651740 139711 845132 701341 259713 973392 289434 336008 672321 741175 90479 17983 938200 239203 33624 820185 778418 379598 30086 975209 762262 818859 358905 30913 907214 11959 836117 867792 629453 309475 52020 327074 720401 609259 966631 306887 706853 351415 453387 280385 868510 299566 348441 502331 9264 999848 486733 563446 612596 65268 50246 644525 317752 690499 458224 420592 809325 444406 139382 364307 429483 161399 35529 651681 107323 941077 600879 960214 876290 381801 897015 318979 451395 59789 63699 343635 129259 258881 254172 511734 82247 214922 87045 833946 764962 961441 244751 36869 480438 631893 453515 953555 382765 524422 285122 964848 769909 401147 174835 675482 499003 955934 160549 3394 882313 397830 293735 600198 62245 896266 348388 878883 504089 901468 149207 398021 516712 608979 7420 891201 692032 928396 843072 88915 880224 589273 78246 896805 254811 953505 522369 753300 555945 265107 941608 415935 606130 21346 305751 214442 718434 102893 404169 475873 162798 79630 457015 540553 984950 871850 609627 657598 568684 397116 759037 200962 989363 269211 295209 329673 815301 645045 944986 813449 150639 232376 176980 213731 932936 411079 874374 521039 348614 437060 724267 164371 419043 627392 762052 378995 635916 222714 788281 594517 734314 72602 808000 454330 278844 23725 905829 837863 459833 928332 918565 967457 581306 431185 442964 521954 282511 136023 332084 626918 771252 244788 458516 488302 390568 399174 383144 613106 390893 862448 813086 510560 837848 880227 265127 644086 979120 907048 16502 626557 794403 101552 412555 760502 760229 272927 524653 805192 813423 252675 69054 970201 295386 207349 714801 73922 500258 892578 883732 520310 51626 673644 216072 595604 359025 89474 373038 858737 175670 375166 49907 614381 515674 238752 337130 986867 500470 272754 525013 856140 43161 293923 349906 213047 908982 401780 780384 686190 860899 609765 670963 622558 329502 536900 867758 422912 68634 378873 964976 427718 787392 669704 852278 553670 359613 45121 450097 998033 748703 816036 829565 719646 547194 67495 324283 978266 808895 56740 417940 937938 991349 331113 25113 378475 244018 128505 693400 615238 493037 714306 890438 1237 711530 681505 466954 880457 273545 59816 28905 193440 255526 229821 943163 413936 781049 2949 402853 110917 267787 718938 925839 955830 402514 833241 990446 500181 604011 41628 152925 910943 289249 81183 101282 16010 909061 145257 964420 94340 68168 613099 949265 791718 372834 955717 142198 281559 830653 244749 341662 813761 664356 346913 955942 528119 560597 690477 671670 713451 724309 894077 37797 692403 543303 104122 85087 534319 816930 658066 692372 525507 881993 1342 798044 337425 428227 348557 42379 218570 746089 630043 923507 132079 122170 595344 233260 142539 894805 364339 692004 14558 673651 595361 170606 895597 415357 994612 992104 751403 230856 109225 539252 622947 928549 682117 755510 262119 366483 313455 490947 125658 714921 90047 326871 92558 864128 319753 510872 965682 587155 806857 114861 550549 356524 31731 107295 583577 828669 639866 295060 46294 649274 482546 388184 915942 636599 676464 482102 197249 502984 433630 128904 746862 234419 64419 181898 690070 220985 615012 265457 6396 449113 567312 163598 375689 688876 385568 358647 932764 772749 533930 929113 921765 453642 820199 952976 978026 241165 419249 615848 55747 248237 214773 225879 748895 373101 847920 120282 337947 650571 8124 174143 949813 566570 445281 853991 838132 162630 64393 850501 147576 505778 72649 411918 610482 124556 993934 346884 802671
245
203160 340901 848592 574660 117189 446355 215026 352164 503040 495818 807433 144577 238330 59107 169410 806593 108035 240543 812029 840492 642833 400128 431372 435374 174585 810974 284441 596695 503645 5319 155795 166058 37820 109451 813380 64565 540169 755137 753277 578290 846540 242074 574230 640992 436639 35224 100297 433485 257692 9303 431180 484793 18274 47938 12917 717452 21127 460574 175434 23601 986890 819257 255368 358986 574491 405217 882712 698639 442937 586367 412562 11979 360047 785487 788692 258297 158881 874219 665855 472491 182383 905474 913287 950001 924858 506730 438864 76633 685707 513575 88169 440446 530428 481580 853066 242442 793455 895234 950096 839792 31148 772738 925236 290198 934485 277131 281856 314011 105222 714264 430607 390672 624942 229912 646356 734246 424227 588793 531488 526488 232592 322423 572679 444135 312993 642557 228502 255134 851229 411142 991086 573777 14690 530719 700630 5646 163228 701662 632584 936941 475019 441839 740368 438929 30569 331857 316297 195569 27588 897559 168531 531999 332663 100454 889821 361359 961101 39336 450119 324010 772820 503893 641905 376699 677494 335038 870517 946294 4451 389674 572416 807977 991568 764009 357749 521829 346756 669037 421732 797732 564076 320366 833158 919086 991679 151836 411433 64244 851031 316483 131441 524468 209415 14229 169915 426871 529313 492194 129899 469238 747611 4666 353897 499345 38226 169567 239694 919746 265888 434100 79387 859175 958280 150520 357751 861087 445807 440092 79060 394184 409036 978437 165274 373684 86027 465501 670785 489051 865992 613925 290917 442121 399497 472042 804009 762278 343987 329925 6103 946334 103693 652575 360336 523886 151221
59
521970 325781 178607 598317 586096 107003 65311 58431 774169 727468 921355 103406 88161 631651 398459 675686 976069 31244 314469 170519 591334 542916 136865 529579 485172 742588 785736 949023 694440 585411 179471 3310 487467 533292 266766 114735 413251 836280 46722 608918 185305 347849 775140 698934 631519 196048 320622 320983 832051 857141 805843 746186 612382 721398 788150 128583 284942 547330 111472
805
932658 142834 888452 905094 621857 217670 453635 375365 117182 559398 633985 854164 674540 951411 556798 538730 578214 542455 650338 869734 845651 452538 280139 376512 709255 517372 222962 3481 540652 788437 404998 586140 465544 868995 711721 735721 655997 195689 891142 92324 815449 179269 689304 968690 343612 602529 662920 691370 133043 789836 322331 488217 418829 29650 565228 52149 485679 10758 102105 261775 927453 646484 384900 843636 208397 496335 251266 197196 963447 143670 54055 937120 964202 139784 335875 700055 976469 100659 991721 56257 185140 139946 624016 264378 367351 578034 756727 647074 92176 186335 679617 66500 980729 860182 749605 529803 518436 193225 883546 190036 969622 338516 71111 27671 754992 552171 5646 862087 403928 623517 408772 470434 585658 323656 604976 441938 786682 192464 869097 72172 901477 198386 779078 997321 729032 635111 378343 380559 300698 189074 686966 249277 51926 765127 35410 353436 677860 444229 384366 48065 676135 250895 469874 362937 227980 856090 156278 233733 573924 495288 523453 505680 323515 287112 35987 893087 71714 283959 1053 667895 712133 889070 846083 413259 351037 424613 159439 388797 233358 544585 633713 26036 774603 898628 550969 548926 166050 73389 67220 19831 770012 744477 980904 172801 484786 141469 375819 680899 622338 438065 954444 723859 403962 180192 887279 350599 395703 18821 678222 967708 348345 514443 64345 410927 334466 431374 239288 100625 270796 720916 297869 425895 538884 588934 439665 461250 826459 458902 806224 302197 730819 583430 71401 604328 692050 347110 870823 110808 642996 796893 944733 157980 410824 208034 889242 599546 60961 675187 176391 834818 257534 728745 607666 80290 665536 679257 793663 551421 749324 201864 271742 533546 371044 378821 297985 142425 406220 564876 826132 879861 667371 903854 437024 631289 231501 545306 217950 985881 70296 594064 341357 353416 928440 267685 610630 721536 683375 804437 769505 708879 354733 443040 840117 644465 574968 237501 261318 294223 257891 371113 942947 426474 74682 709926 526152 1422 623526 601651 472929 707861 687768 802750 199473 478530 417556 234426 624485 385727 214732 21821 276583 922092 227473 629320 733436 77318 177873 933999 240522 982341 694472 215510 388659 444815 900263 157712 93400 764137 795144 594263 142616 471037 826387 20719 591984 744919 513672 878475 878567 116931 400557 22701 192481 584470 533963 739695 71504 261672 181490 231556 892667 488037 34898 615380 587514 473010 973051 380356 185443 856328 437700 550774 935914 123459 276279 874892 895153 164213 608609 361557 391085 473240 718728 474977 867685 216522 874984 557866 451004 211370 696074 606630 468982 504395 235047 897477 174390 46817 76430 596169 143401 485691 358066 243639 113846 726111 532624 560436 545581 390496 208952 642859 749890 438304 261484 958903 183619 402089 891640 346222 383478 631652 609065 694421 530308 611318 932424 279557 489620 668216 461606 239087 748175 829175 195097 173060 798596 161998 610866 982782 713863 48318 499442 494373 129165 569825 306501 422102 980158 22231 116202 597708 282089 410862 852756 565118 934314 673797 801339 648162 607430 845563 495621 784462 189269 804048 786977 153942 815243 191641 561384 593327 679680 429866 598045 638777 418249 603288 572052 206945 69711 223721 239153 367897 99880 302576 91935 812843 430705 556657 210995 733500 238411 967944 64838 64678 441889 627620 337347 507621 762531 231973 518584 249643 541982 773387 712064 15309 2935 947323 648845 518361 543000 742627 940725 638465 196356 634121 798088 388168 220126 11830 913791 698236 280655 226203 181563 27015 878261 930161 966675 433566 408467 101712 588338 475636 227762 406454 415018 416443 692695 933268 285154 350334 761564 911084 615648 974661 835086 654385 874061 375150 256633 606250 30939 49249 777547 226213 994215 725395 846352 487437 504133 751165 810289 93430 64328 51021 130057 922337 324529 551690 958705 115432 928616 947033 511717 540410 140354 134466 679873 79592 18813 957898 54753 757543 40441 792489 652522 878584 867256 84525 371197 676567 228136 578457 649590 424952 341699 326265 127743 435002 925557 868792 173992 548306 379689 727587 359555 776901 940651 445149 722066 684608 94594 532383 474970 276884 184420 884062 271596 644427 845616 997564 95242 401232 217607 365416 866356 467135 785497 990241 568819 470750 157848 922189 178077 102221 939161 393475 734728 273815 549916 438671 522662 755151 245412 442415 516555 324586 190127 214673 632981 265726 749384 534951 494681 946585 824280 910111 239246 206037 194676 640496 701353 105751 413997 698302 88804 608109 455281 606887 219886 856792 449376 134377 434547 79725 510573 596754 810058 963393 383966 427758 612349 335189 582035 738435 309899 719986 635429 891429 418944 990737 215704 95521 533182 174551 541148 341357 543809 256796 850830 151981 38203 25104 714872 753828 203144 358490 326589 222804 454182 946560 215418 264140 66234 586078 876893 969398 945577 822116 596721 933093 894717 327692 999674 391142 179395 827268 505053 577901 899540 131622 870567 760776 750634 613415 366932 817340 550078 602893 529229 928420 648127 655073 199131 898547 193834 571572 616459 453490 224611 994804 980092 847733 857113 999833 286780 298345 968474 232161 758446 801211 258427 222424 174720 898710 305688 47593 864078 919337 961090 633703 686130 508208 116205 919740 811776 590512 161865 737074 707358 701740 361855 684104 72508 117402 993042 138235 888321 765613 385049 304621 971505 711124 121760 758283 498065 155693 475559 583965 277314 335110 226069 284607 567685 250443 972484 126147 831410 348280 783505 755032 29326
21
9749 6310 7093 6432 5037 2508 1529 869 9346 6204 6838 1136 5089 6847 7065 9670 9574 1561 6110 9526 9269
19
2876 1542 7801 4674 5119 6766 8000 1456 9428 9753 2556 134 2037 2282 9929 6988 1851 1666 4206
53
7404 9239 2653 1045 8454 5079 3596 8667 4104 5553 6264 2523 5101 8746 6609 3213 1908 8679 1096 3781 9035 8539 3160 1264 1783 8905 8299 2133 999 4906 3594 7704 910 4356 6012 6686 8927 5075 9608 3661 10 8121 6767 8228 2150 6812 8351 8915 8603 2961 2427 5067 12696
81
8709 3394 6186 5717 5130 1641 5341 6898 5809 2840 2364 4712 4967 7788 6796 254 7887 5120 7638 3728 9953 6754 9531 7101 7481 9111 2280 7501 4895 24 9875 7715 522 3612 7372 728 7420 3758 2960 8599 1851 9371 7801 1143 333 8893 6718 974 4493 2146 2705 8451 8988 4673 41 2492 5368 9097 4224 3987 9508 9727 7275 6682 3244 8651 4274 7603 2121 4951 5237 6469 2399 3087 8299 542 6789 4487 4168 1611 13864
66
6432 8030 6864 6640 2428 9971 7434 9554 2025 2985 5840 6578 5116 5687 5388 3810 3086 626 2773 9555 1904 3467 2773 7737 8811 2392 5231 192 2595 1404 7487 7688 7658 7461 5413 4194 9469 1563 8152 7556 5795 3924 1328 7017 6905 2433 6343 7918 6634 5243 412 6109 6372 7936 5563 1731 2263 3896 2362 8561 4012 7214 6315 5953 4216 6306
73
8390 192 206 9343 9406 2231 4849 1224 5057 6054 9030 3746 3585 6402 3925 5080 4663 7207 1415 7591 3526 8044 7544 7 8134 5930 3013 4721 7630 231 3592 8027 9564 9871 4784 8232 3928 6295 1207 9283 1592 8968 8771 3829 5031 5981 3817 5888 5312 6181 9538 6787 8432 4482 4634 2272 7437 5710 4661 7509 6451 3322 2639 3854 3629 3783 2495 5019 7525 4911 7514 6629 5780
69
9607 7614 4547 355 5884 5031 4964 7620 7452 1148 372 3473 4612 9062 1661 6889 7314 4829 8440 9426 2385 8656 9898 2402 9771 4199 2502 7636 9996 9898 8738 172 4859 475 748 1193 6617 5296 6448 9171 4572 9047 4220 2453 48 5371 9389 9108 9607 2265 5270 8133 8147 8390 1297 9576 75 9156 5174 6476 6253 2646 2470 7244 4514 7863 1314 6635 3757
75
6978 5426 3509 5625 7884 5227 8834 4458 9508 4459 147 9712 2307 9977 7945 7376 9935 9203 8732 7636 4937 9998 106 5610 364 219 63 9951 8730 5523 6792 6665 8982 6022 6842 3279 8022 6441 9680 3248 5898 4261 8669 6543 7982 2855 3131 8888 6352 2919 5325 4308 5907 252 516 4816 7120 2944 7020 3510 3656 8630 8192 3492 39 403 8449 3658 5826 6306 3112 30 7360 47 6207
63
7484 5389 2470 9911 2482 8053 3378 9371 8831 8643 7583 5104 7497 8636 8928 9265 1997 486 6048 3429 5504 2582 3268 5358 7030 928 6471 2231 4777 2493 6412 2210 115 3861 544 8007 8243 1973 819 8461 545 893 8781 5137 5710 1991 2985 9876 9773 9366 3888 6552 5919 9636 7781 4106 2825 9779 8380 6592 1877 6594 2412
67
7020 6232 9471 8615 801 1592 6371 2952 3454 5035 6936 3859 689 4139 8238 1513 3002 7764 6055 6558 6709 302 6856 1067 1065 983 476 7741 2610 3594 5691 5893 191 7144 3513 5206 7484 3847 1657 3720 304 4704 2088 3525 1710 2808 4945 4771 6017 503 5303 3365 1348 1066 1798 4506 6169 3495 7309 8990 4293 8948 9231 6503 87 7719 7606
44
9552 709 391 4655 8503 6115 1981 2643 7641 652 8045 1997 2056 4210 3859 5684 3522 3936 2222 8786 9188 4961 9695 6819 8355 6096 3857 492 5462 5395 2080 2415 4830 2129 555 9894 4771 8665 1324 3710 4152 7431 4883 3722
26
2314 3872 1475 9065 1526 8889 6914 7744 190 465 6849 1097 4518 4191 8661 336 1499 1547 1518 6941 5699 3469 4051 8817 9289 13072
29
9269 4479 9893 9815 854 5845 1207 9062 6458 20 7623 3050 1949 2395 2497 8202 6291 8731 6131 7662 5844 204 5448 4026 1529 1117 7685 2823 1853
47
3203 3624 5355 1790 2906 4044 263 2113 2078 4785 1556 638 3978 684 1953 7069 1640 9498 69 6257 4559 8193 6422 743 4324 3100 3581 8770 436 8386 4961 3214 6578 6899 1035 3453 3101 1788 8302 1540 1451 4183 2478 1094 2351 808 8980
54
6747 4066 7265 5253 1037 8149 5552 3841 2912 8956 7328 7488 9499 8378 7127 6181 7206 8168 7182 3315 9282 1934 8456 6960 6666 8599 8534 7059 9824 1943 2486 605 7426 6026 8820 4621 3653 2906 5119 3540 7426 8948 4469 5946 4002 3485 6362 3983 4612 2908 3733 7244 3540 6363
86
2269 5505 5847 5976 6340 5122 9274 3682 4447 2014 2235 3058 7286 6531 3073 2226 3356 5165 9353 801 6287 3203 2092 326 8819 8317 6019 495 4416 172 5826 7175 6006 1815 997 3032 3063 5532 5058 5318 3787 3570 8463 5287 6123 477 7389 1856 6254 1388 4936 8947 4507 947 8973 8637 4912 8816 5617 6748 6958 8982 6328 5822 6283 713 7041 6456 3092 9445 3332 3559 5611 2320 3437 2572 9 6879 9067 3946 4569 1023 4550 5889 9604 8269
46
688 8513 4898 2841 4813 6780 9856 1245 2536 2451 870 900 8451 6994 4211 1776 1981 129 8198 9761 6609 1313 8369 8706 4869 5783 6864 9693 1559 378 1062 3422 2027 3166 7495 2140 1388 8862 4277 5426 6255 2056 6917 1420 8618 3693
22
4998 9722 5827 6804 737 2055 6065 9605 172 6755 6284 7411 3960 7599 3491 1613 8141 8162 2645 5073 9362 14409
40
2478 6765 3661 1992 1322 3593 6276 9630 2243 6923 9881 6901 971 1657 5851 5091 7996 6098 841 260 8276 3156 2619 2658 5222 6516 1552 1766 225 216 5774 7911 2200 5754 8919 3759 7916 1281 6742 4926
54
6530 2665 21 5576 643 8069 3490 3521 9202 1001 6533 8475 1733 10000 1822 2843 6082 3372 8957 4726 2771 5319 7152 4641 2229 7380 8609 8850 6705 8150 5474 8272 6650 4476 8024 3703 1241 6990 7393 7155 7885 4064 8105 7344 4716 2816 4189 8712 4041 8490 866 6372 7786 9999
11
8771 4812 6753 6708 6307 6939 5589 6372 9265 5211 3641
49
4827 5087 5220 3601 3497 8091 3181 6647 3243 6574 4743 2018 4848 2961 9209 4780 7526 7291 7964 3309 5617 8505 6120 4934 8346 5665 8506 1798 5961 6798 49 2924 2147 163 6726 8378 3020 8140 1333 4262 7860 1722 574 4996 3706 5676 6454 3333 1446
99
6115 8947 8894 4302 849 6771 3619 1443 7745 7078 198 3438 4422 5794 9019 6334 6288 4882 1772 5130 5396 5038 3416 4355 8318 2422 1358 1262 3553 4023 4093 1594 9100 1764 2384 8414 6787 9966 7172 4823 6445 5888 9194 1938 125 3928 9845 4649 2632 1043 6045 6622 1481 8153 4210 6174 7408 3921 9998 2254 3931 3239 6754 5598 6680 5431 4814 4134 4790 1844 1921 9427 5449 238 9248 6110 4393 3386 4550 1586 3361 8135 3304 4587 438 2181 8742 833 474 2272 1609 456 5485 4352 1482 1645 1141 1940 14313
28
531 4759 4710 9331 6797 4055 8143 3128 1344 2727 3597 2897 8638 7545 9297 9106 4379 1423 6740 7625 1759 8989 3882 7494 8863 5412 3625 3593
93
5842 8701 447 8971 9850 4188 4061 4368 622 3985 9531 1370 6855 9332 2798 3845 5243 2298 4177 4644 905 2457 9803 8360 5542 3775 9846 292 2404 2511 767 3926 4827 2405 1434 5455 6668 2534 1136 2248 2964 1198 221 5633 5508 2011 6141 7635 6879 6147 9886 5142 8096 2182 1314 9286 8731 585 6424 1236 1965 1143 3992 9495 9601 8259 7954 5925 225 7447 7114 6827 3091 6735 2890 8544 7813 2493 1623 7559 2551 414 183 4367 8380 2914 417 8820 7278 1944 1832 8634 713
54
476 2396 443 8822 2117 8236 3102 3716 9978 846 9837 3202 8167 9572 539 2437 7611 8675 2655 5148 3063 5423 1156 5406 8588 4219 6050 5720 8433 6953 3761 9680 6773 8427 2879 1171 4533 7745 9293 2283 1756 8095 6654 2058 4937 1676 4729 6727 6888 7509 2675 114 8580 3790
4
3758 3391 4074 3195
11
9687 7907 1668 7436 470 2798 9840 8985 3571 1220 10202
50
3330 2251 9744 1579 3523 7052 7471 3515 6518 5485 4365 7344 532 9496 1349 4392 6188 5103 9842 7086 6707 6635 1088 989 2567 941 3741 5169 4034 1324 2305 9099 1037 6968 5008 8298 6309 2595 2373 2122 2144 1241 7215 3839 1309 5666 3241 9371 9570 12182
32
57 7248 9858 8349 1117 7771 4801 2124 2815 1537 678 83 1711 9132 8222 754 3158 5226 1618 9655 2082 2352 7032 894 923 1591 5317 8919 7622 7494 1907 1433
78
5113 1687 691 7470 9190 1514 6824 6580 7492 9746 4802 5956 632 5932 9259 6712 7364 2997 3682 2912 8497 7401 8893 727 3926 5023 8054 3658 544 5650 758 8389 1032 1745 9502 7214 5992 2155 4482 9131 9293 9770 4720 6108 5575 4089 2289 6654 932 4897 7627 9111 557 1029 1925 9756 5054 8849 4386 7436 9874 6258 7138 6769 5549 5083 7425 5027 6831 6607 1059 1387 3522 1114 2657 641 1541 7694
88
6399 1266 8878 2307 5788 8642 9601 9565 3630 1562 7135 3102 2099 7973 9797 7956 5697 5956 2985 8974 1887 9445 1323 9564 8085 6797 7363 8346 9960 7454 1661 9790 8318 3490 2065 9314 7237 7428 1615 7720 6082 6707 7458 5567 5452 8886 5304 4321 2182 8484 8116 3628 4896 5072 6141 3474 9911 4620 6293 2075 8127 7696 4515 6296 2347 7462 5748 6298 9353 1412 5130 1690 6856 1709 73 6786 9500 2955 6266 5279 5884 2178 8915 9287 4717 8233 3202 12999
27
5932 7954 2313 7216 2953 9098 9271 4753 9436 4949 4450 7163 1298 7503 1823 6624 6897 475 4398 8076 8544 5746 7717 1203 9948 3393 11137
95
3159 4797 7561 7028 352 5626 6282 8078 1597 5449 6768 4325 9998 1038 7151 9313 9377 1411 7179 4198 2699 951 6571 4280 5045 7778 87 3358 4868 5526 7934 1967 2188 8252 8003 4770 4 4709 6809 5685 8621 7378 3970 3484 3548 1982 4625 4505 9746 3139 3259 8425 5093 204 710 4304 6739 6868 8237 2441 9264 2682 6860 720 6788 3934 1734 1727 5090 5705 4479 2665 8678 1448 5668 4242 6783 2539 6812 5811 7253 160 4162 2104 9525 9269 8466 42 8678 484 1753 9154 5021 3812 8975
39
5762 7719 6055 7372 4537 4021 8157 5420 7783 5278 5638 3805 6337 9403 3744 1790 2927 8539 259 6598 6492 303 6894 8190 5595 9086 9097 6255 833 5949 4647 3376 8878 348 8737 6014 1003 593 6527
64
3007 8765 6460 1743 404 4017 5444 1671 2635 7271 3006 3241 1944 319 4356 6323 2685 8929 4918 8893 1148 4128 6500 6136 1891 8650 3051 5979 3545 1548 2108 1239 2930 3667 8511 659 4037 2955 4672 8816 7084 5367 7738 8964 1149 8719 384 8800 209 3300 5040 1254 7153 9071 2066 9105 2700 5161 9099 8380 1827 238 8487 7502
85
9145 3601 4822 2216 1010 2839 5421 6958 4798 7160 4644 3974 165 1240 9264 6017 5356 516 6256 3564 136 9693 6547 1626 7139 7913 9410 5097 6548 7494 4625 7839 4506 4787 4710 6605 5617 7186 1139 6467 5348 2245 1311 8880 3503 126 1681 5837 2020 8855 1699 4159 9768 4086 380 4707 9090 1297 6646 2624 6948 2566 1979 1433 8506 8327 6752 2577 9645 1240 6431 4342 451 2387 3144 6908 2681 110 6351 328 8825 4309 2694 8562 10600
14
1806 1995 5217 8684 9290 909 8133 6024 6592 626 1117 5051 7040 8366
99
7753 8140 6696 9300 1946 1491 7219 1941 1257 8000 2944 7841 8073 538 4766 9576 9507 4933 6869 4619 2675 7273 4336 4810 9380 4228 7183 7952 1306 4484 4110 1585 7299 654 77 8286 9008 2499 1269 1306 7212 4282 4557 965 4530 6913 4916 5355 9396 1854 9071 538 581 7959 3751 1958 9824 4292 4203 6937 1591 6489 5972 6019 3691 4762 2509 3475 8847 8587 3844 3132 3863 7297 8850 9332 8986 774 6497 7913 8101 8530 1760 691 3795 7165 3276 3515 6709 9957 4990 7355 8647 6239 9080 6999 9406 7394 8634
88
3319 8281 1205 4259 6425 4153 4149 1666 686 5861 5269 5999 2921 7521 5022 9173 901 2187 5400 887 5347 5906 7108 1840 4512 7960 9518 4669 8197 9 9111 2831 6778 7763 2800 1222 3582 2899 898 3223 9757 2038 6044 3831 3197 8915 235 7990 7673 748 3660 5679 1879 736 1040 3719 5142 4060 5170 2473 2046 9547 5748 4731 8852 6646 9862 7267 2225 5245 509 6438 3273 9670 3948 7784 7984 9721 7212 7182 7143 4673 9488 4146 7714 764 8066 16327
5
3214 9841 1794 5166 14803
3
6954 9313 16203
54
1734 2186 3165 7079 5173 6760 446 2872 2813 9325 7523 2133 1573 4827 6321 4261 731 482 9817 5811 6403 5309 6716 7472 1970 3406 6573 2243 3966 8501 7986 3009 2219 5101 6630 7298 2683 6330 7481 5713 7115 7555 255 1074 3126 4940 6941 584 7786 6274 7640 5051 1425 11345
67
9411 3695 2889 5419 5640 338 8244 3839 5028 7070 9713 9673 5569 6105 3360 66 347 3259 8719 3876 5062 1681 5094 7277 3041 6887 9408 6587 7611 6459 3905 6580 4246 9155 9493 3322 2352 5468 8412 6432 6363 3487 6515 2419 4642 1513 1734 181 6820 2463 6015 5137 2523 8433 2664 1249 3972 7076 2615 6332 5769 6446 7316 2706 7245 1865 5654
42
3218 4765 6647 5834 667 5565 4604 8388 4406 9984 6081 1885 4814 161 2233 2261 6715 2036 4145 864 8187 9312 2578 7440 6453 2228 9747 8358 9885 5487 1328 9473 1879 8688 929 3228 1663 4174 3480 1927 6918 3015
24
8455 5826 677 4886 8899 8783 1507 1744 3718 8795 4569 4394 746 7178 8008 6754 9987 2429 3758 2606 2154 9861 5844 8209
25
4383 5148 710 337 2380 3569 4868 6398 3890 3757 3846 7112 1742 5229 901 2394 7528 2223 5442 3029 8088 848 5490 569 1069
89
5899 4239 9081 8318 1041 1122 5731 9748 588 3346 7475 3698 1307 7762 3968 2777 557 7826 9939 2641 3627 3650 742 5088 8591 7435 6374 2814 810 5222 2907 9915 6459 8352 7172 8760 1950 5733 2825 6425 6849 7436 9571 7397 6899 4878 3093 8940 5615 8956 7913 1552 3375 8232 9394 7313 1011 7443 2426 9653 524 341 1820 2825 9420 9460 9471 7295 7297 2206 5119 3666 2409 7342 5664 4007 3128 5346 8692 3785 7673 6374 6830 3025 4434 4830 4327 7926 2580
83
3751 3392 4040 2934 1267 5593 3274 927 5639 6067 2174 4538 9382 9115 8115 6529 446 1723 4384 8314 924 4237 480 700 3532 3686 8359 6936 1075 636 3337 1900 6096 7394 9596 4509 7000 254 5238 1970 6250 7414 7421 7219 7117 4303 3910 269 745 1699 2037 1885 9967 2610 6965 6349 4800 9472 288 2984 7980 8394 901 3702 9097 1115 9779 1330 302 2245 9644 7384 6827 5051 7435 4555 2298 9965 1107 9227 5302 40 8903
43
9052 2279 1932 5860 5587 4127 1726 5994 7080 5544 2658 3848 2669 9066 558 5468 7102 6672 6942 9001 153 7318 9418 3328 42 7831 8882 1090 2004 1013 2465 6708 1675 8397 5701 2627 5729 8996 6568 942 452 5659 15021
25
175 1162 8938 9391 6275 5971 9566 5103 96 5640 6444 1758 8474 6372 6769 9708 7841 4183 72 26 1628 7559 1222 4765 4641
70
5114 1439 2722 9505 3030 8672 228 2211 9999 8485 9734 4938 7195 5815 6597 9789 3141 338 5778 497 7745 587 901 1521 5118 8243 6473 8223 5061 9547 1504 3381 3622 6536 7715 4050 1899 8515 3963 9469 7133 2012 8350 8810 1298 9289 4218 2179 5785 3491 1637 3822 1170 953 2441 6122 7766 4020 9379 8437 9207 710 970 1548 7362 4411 8820 797 5489 1938
61
6596 7404 618 2136 1937 9362 4187 2143 525 6810 9257 6264 8472 9689 3572 1185 6994 2959 4216 4351 685 6489 165 7484 3921 5212 3218 2373 5553 3846 5043 4533 6462 3994 1673 778 6844 4473 2685 3391 5609 4935 3504 9817 2048 864 7546 2793 7134 2089 5592 2806 5931 3167 9099 6046 799 899 7124 4 5326
18
5826 9416 5408 185 4373 370 989 5814 7776 3503 3441 1772 1114 610 7973 7677 3775 5202
91
2412 6632 3691 4145 5308 5169 3147 3422 6210 1423 9326 9608 1631 2222 4966 6271 8060 9047 5602 6482 9310 9907 6753 1410 1343 9676 2807 3436 3506 3786 80 3855 1818 9448 6407 2458 6515 4072 9588 4761 3120 656 9486 6826 2802 5182 3985 3962 9045 4615 6543 6193 7397 3195 4526 1454 53 4344 9846 4844 7049 3085 871 7854 9023 6404 2166 4141 6851 2858 6799 2210 9863 1108 480 6292 8773 7594 9460 3825 394 3074 7120 910 1552 2537 8651 330 2256 1139 3817
9
3498 4983 110 8685 8669 740 5347 1420 3336
66
2384 1457 6278 4103 2741 5677 7655 8946 4012 642 4646 4569 868 8768 611 9256 6890 6928 6511 7987 2099 8537 4945 3654 9576 6927 7121 7568 8431 2715 3833 8735 9419 8156 52 9038 5110 181 5968 442 1460 7163 2249 9778 7946 9985 5244 9887 7848 9223 4864 9110 8799 3212 2170 5544 1270 481 387 5217 2198 2495 7529 6457 9511 3383
3
6368 6010 3994
6
2326 9178 2105 476 9149 3265
94
5420 4617 6427 5165 1172 4573 8425 1706 4897 1171 6048 6089 432 4798 3259 7291 7073 1202 3581 3620 8713 558 8136 1313 8239 3470 7147 1478 7274 4593 5510 6794 2971 6142 2285 659 7874 2791 6017 1936 5749 6991 8727 9861 9946 9242 4105 7483 5159 7297 3934 8315 1313 3640 902 7986 2297 9802 1506 6232 1351 4095 7289 3999 1883 9649 9825 5928 63 6223 9167 7240 6691 3986 9388 10000 4192 5049 7816 9245 5694 4606 8073 4428 3197 1146 1173 6692 6061 689 9427 7079 4100 2054
18
2010 6586 54 1932 3564 4041 1598 4927 6722 3114 6070 7178 6842 9891 9696 6663 8960 13268
75
6815 2307 6617 8772 1206 3367 6676 3149 5806 3779 735 2887 7939 7346 4776 2226 9720 6622 4843 7602 1646 7468 509 1173 3053 45 4101 1267 3379 5362 4538 885 6499 9056 7961 8506 8924 1053 3228 2476 5724 8893 670 4077 7169 4452 8911 677 7291 2772 124 1914 8212 5904 5667 1365 9561 1089 7200 3586 5724 26 4266 8781 3985 3058 8808 6012 690 4481 7684 8333 110 1466 3823
89
9991 5121 1302 6908 5415 5065 3633 999 8039 5553 7165 6041 2919 671 6066 4985 645 826 6328 9695 1888 3793 826 4815 7165 9914 8546 8767 9102 8415 369 4627 8150 950 8804 4715 7945 7844 326 5360 4922 988 4419 5642 2389 2433 3675 7199 7490 5358 1088 8305 4662 5504 1020 4181 695 2318 2985 7114 3958 4058 5140 6639 6523 2167 2557 519 6020 9472 6736 974 844 4530 9386 3307 9187 5403 6052 407 1105 4259 4281 6270 7925 7032 892 3317 6996
65
575 6774 7019 1042 3641 7992 7082 4541 3939 468 1384 2057 9408 1270 5896 4713 2859 3147 6919 999 3760 9701 9456 7146 8909 2752 6611 53 4108 5767 9622 904 1316 2681 4181 8485 4307 7539 4983 3993 1525 9924 2312 9798 2991 1382 2704 6846 5321 9604 9362 8224 9490 2649 8524 2095 2571 9484 3351 748 4187 9255 8348 1217 7911
13
3676 979 225 8781 2247 2827 1236 1327 128 52 7397 3952 15925
40
2978 1451 9770 3070 4735 6123 747 973 655 7346 9246 8795 9079 2881 1714 1834 9607 7024 7580 2694 5805 2204 8166 4920 8068 1425 4513 1885 4519 9197 1499 555 9003 9148 3161 6501 1850 656 6678 7935
11
4773 626 6567 1271 3475 1152 4293 5738 2574 1232 3301
70
2191 4581 7837 5739 927 4663 7845 3730 7539 2800 9752 7910 3565 6969 8775 2866 5153 1331 6696 455 1694 5755 8493 8734 150 7569 3967 1204 7576 9758 9409 1364 710 8939 6722 4139 1863 846 9469 6832 285 6755 6715 6864 3795 6080 602 1054 3559 7040 1902 1048 7141 7722 4069 9694 2417 3101 5425 7287 8087 3873 8404 4052 1258 5506 1963 9703 7084 8216
33
4500 4443 4948 5197 5507 8308 953 7087 8695 1805 6733 7707 9658 1456 6346 9973 5276 4500 5263 1413 6409 6305 3029 5307 8776 2886 2073 3423 2213 203 8093 7368 15129
33
9491 2294 4044 9001 1718 1828 8334 7828 6681 2849 8867 7297 2447 5917 9586 1939 1593 8458 9436 8878 3468 3223 4138 5977 1836 4260 6729 5271 7664 4665 2887 6998 9805
27
1694 5619 6953 9934 9262 8997 5441 1658 9140 806 9592 6228 3948 2945 5981 4218 2017 2616 4820 1235 8966 6369 6893 4783 9425 2481 8847
13
5138 2080 2432 1011 3082 5973 977 6977 5409 805 5406 9377 4248
16
7187 7291 9909 8096 4653 2216 1338 8996 1842 3321 7467 4205 2049 8672 962 10568
44
8021 7080 6688 9873 5787 8836 9035 1043 849 8 5270 7359 6544 8626 6773 5417 3066 80 2875 4896 7804 4131 8923 7555 3276 8115 8618 6136 6723 1515 1540 4482 1301 8218 6166 7161 7639 6734 8244 6639 4608 3567 8219 16358
4
175 35 4657 4797
77
7550 6264 7617 5764 7819 5417 5651 3097 5016 3956 9101 9889 8360 2137 2660 3848 9307 4082 7790 6332 6002 4280 3008 2434 4605 8555 5197 4552 7700 437 3666 5690 4618 6308 360 2423 7235 8036 7189 1642 6034 1607 5499 3909 3553 846 8820 4622 1683 3308 8417 5895 2044 3844 9894 5637 7677 5381 8565 4891 4255 4765 9507 4552 1187 7784 6247 5936 490 9645 1618 3929 5421 6711 8395 733 809
26
8998 963 8636 3472 9774 2727 1175 6638 5157 8961 3509 9990 123 4083 3987 7630 9065 7770 6053 6362 6466 9604 3545 5059 9054 3765
70
1850 702 4935 4773 5823 3394 609 3652 9271 8933 4792 67 742 4809 3345 1547 4433 9372 1044 1936 9929 6742 1684 1643 7114 8793 30 903 2538 6127 2400 4768 8657 4960 8487 8711 7616 558 1238 5462 629 5802 5745 7593 6263 906 258 1175 5037 9737 2680 642 6108 4821 8986 5234 1115 9007 9407 3910 2845 1001 8392 4417 3577 689 4582 1285 7752 10488
10
1220 7202 2293 9408 7972 8180 4660 7601 2925 12523
64
257 7450 5290 66 2673 9839 4195 2620 417 7984 3662 7236 9454 6603 7882 7576 8083 2978 4023 6350 9318 610 5088 6580 9590 9339 6174 4848 8997 6959 6877 2525 1768 191 362 8074 8113 8414 2304 5226 9291 5387 764 510 526 2754 2159 2955 2007 5286 1866 3680 5475 6020 910 9134 7668 2865 8001 9141 9611 4262 9517 730
69
7422 1326 4925 8798 4142 5967 2806 8136 6939 8133 4375 8439 2170 4765 48 9647 3701 4266 273 1813 5518 8355 7937 1963 4660 8520 9786 9168 4507 9129 4599 5743 3741 67 2297 3290 2961 310 9776 2185 3975 6480 4692 2195 7143 175 2064 2180 3859 2353 9031 7289 8542 2704 4279 9252 4522 9254 7870 5619 5955 22 3676 7341 682 5116 735 769 12873
71
6297 744 1346 5631 1140 4664 1620 4079 5162 8775 7959 5123 9991 7537 8233 9030 5042 3637 122 6325 7978 4932 7948 2916 8961 6305 2141 3239 684 3747 3007 6345 3683 3214 8363 8477 595 6135 875 792 157 3863 9815 9825 584 6257 2772 2312 8811 8968 8486 7772 5910 3469 5545 7177 9062 683 1500 577 2526 816 8327 6920 378 1475 194 6859 6239 7054 2961
100
4241 2781 650 7524 2806 5643 2374 3237 6899 9825 6019 7540 3215 4146 8315 7973 469 3807 4802 5818 8934 3203 6351 227 3074 1540 9783 214 6106 9448 43 5586 8407 4306 8597 7511 302 6381 5240 3566 7200 7679 5980 5373 1762 8350 7309 5568 5657 4661 8349 655 3577 9752 6335 5817 3211 6751 5702 894 8613 6315 2877 1388 2234 1868 9788 234 1919 8604 1056 7126 3406 6463 3700 5185 6791 7283 8073 9661 5602 3300 2287 6948 1881 535 7390 8326 9214 6333 9099 9249 8531 6508 2052 3068 1556 3867 8130 10259
88
460 1449 6293 7730 2123 3837 3924 7822 1741 952 2244 1465 6972 5979 8777 3253 5024 6757 7463 211 6540 4057 1770 8142 7307 9430 8608 2037 5954 906 3103 9140 5293 6853 6737 3561 306 6621 6708 5078 2702 8269 5678 7389 7644 1695 1649 7823 1251 9594 8016 4660 1073 3483 4518 9744 6460 8727 8570 9795 3547 9402 3004 14 2073 933 1482 4574 6298 9982 1566 2642 5656 8187 6659 4264 7594 6437 1083 3649 5795 3299 2600 3181 835 3559 4201 478
66
635 4084 9449 1481 2537 9045 9021 5887 6008 8719 2387 1372 6204 5320 7910 3290 8779 3660 9720 4188 2290 7124 8869 4436 9493 2306 8401 7674 3312 2699 2320 6523 8555 3349 8262 7645 6000 9803 2848 2387 4643 6630 7214 2813 8197 3731 7687 1933 2936 1175 5839 1991 8873 6766 3942 7337 1705 4029 601 738 3632 4090 4316 8164 4029 8081
35
8670 5630 3691 4162 2767 5877 3414 4016 7788 5532 1201 1082 6874 5001 2376 2184 2488 6342 9711 3569 9136 625 4177 9598 8383 4788 5361 6368 8159 2978 3479 1006 8546 6856 1287
