100
5
1 2 3 4 5
3
3 5 6
2
5 6
2
5 5
15
332836 408791 713994 744014 291737 786688 992112 559139 340859 120656 990518 36271 714705 519314 733580
15
394797 644152 768373 17945 524564 879936 141700 988563 958826 123808 328279 260199 65279 174633 871684
13
790457 675226 203032 832357 902293 823012 660540 271361 569093 783228 755371 447535 564463
14
705934 367958 803126 28092 401308 473636 877130 662799 927391 765839 607332 530101 49831 79817
5
630604 510477 318410 687233 61962
9
567638 424700 678951 486153 307297 21951 752108 379195 635277
11
472348 495765 136005 184627 241360 847713 732844 27847 615795 503927 969379
11
635137 7329 503968 180341 53597 570635 48038 378247 836869 934010 213629
15
543386 353013 635442 557366 738737 703047 58418 956817 78536 320746 625323 750347 216184 54669 470857
12
522211 834828 279645 838220 432498 349047 154017 803609 848764 711145 673720 162158
6
7032 1880 8918 288 5352 11070
14
449 8543 4917 9660 2685 5243 2867 9730 1025 3229 670 8906 8847 12135
11
816 5563 6477 16 7935 8808 4850 1403 1619 8310 2846
14
8953 8287 4688 2150 7797 5671 8853 834 9512 5346 8030 1885 1547 7895
13
3946 4045 2431 9602 76 69 1768 1766 2715 1960 6638 5508 11524
3
1618 9949 8335
7
8424 4869 1526 6846 1519 6656 13130
5
6463 8133 7705 9422 15405
3
1 2778 5137
11
2044 733 1299 8995 401 4327 2503 4320 7875 1716 13111
3
1460 2056 3516
7
9526 2471 6495 8417 8846 1754 12667
6
8199 611 6546 3601 1347 12452
13
4997 8938 1322 84 6500 4866 3864 5013 7465 7243 4025 124 8771
9
1472 6645 5920 9062 1363 1479 537 7751 13497
12
7939 5511 8796 8428 2596 3936 5541 6678 7994 3618 2353 6890
12
6310 881 2528 3520 3951 9572 4184 2208 6876 553 5979 8874
15
1369 9102 8281 859 9283 2390 755 5999 561 3029 7468 6627 1116 7890 11001
9
551 3404 2557 4670 9458 4745 9215 1672 1956
3
1853 9890 6572
14
1493 7285 2839 9015 9260 2989 1523 5005 8357 6105 4513 3593 4536 12563
6
3855 9802 81 4087 5093 3164
9
6987 2684 8290 6508 3973 2096 6423 9379 8315
10
8753 2177 5421 858 9205 3353 4467 6325 6732 4548
7
7071 449 8692 4109 8327 9531 4469
11
829 3725 1709 3440 1036 9510 4630 6180 2056 9957 920
11
6979 4153 9929 8677 8532 6291 5546 2069 7102 3946 15610
10
3408 2851 8966 3991 6217 2253 2183 5349 6631 16355
15
9904 1658 9006 6933 3894 5013 8569 910 1341 3918 7714 9316 7393 3766 1223
15
3793 374 838 3828 264 6603 2551 7945 3991 7191 9756 7149 932 8120 15941
3
1163 2329 7037
13
3752 8586 9359 5514 879 4356 1566 8128 9972 2775 1716 580 2311
14
1038 6566 8011 662 7151 9732 4511 1158 2928 2518 4103 7368 2712 11382
7
6298 9050 6046 7775 6165 4773 14513
11
1672 6317 6699 7656 7561 8655 7800 1494 5598 4324 15156
5
6622 4278 3170 1162 384
3
477 5065 4628
5
928 3520 16 6920 5496
14
5258 507 3704 575 7776 8405 3436 4938 7536 4822 3708 3542 5810 8987
6
6292 857 6305 1783 9485 8342
10
6724 141 3393 5225 538 288 9303 6185 5360 10325
13
9305 397 7840 7073 1405 7841 9235 8706 1926 9557 5231 2549 4818
3
3650 8855 11477
6
3136 3986 9849 807 1204 8760
15
6089 6717 4114 8029 6259 911 8171 6424 8427 7731 6673 6785 1484 7402 14554
11
34 7940 8394 11 5683 2015 7224 9483 1881 8814 12815
14
6168 5603 5484 8753 717 8592 4976 3780 9650 8808 3932 7172 7857 3708
9
1623 1786 4940 2190 4403 261 3387 4736 5346
13
6486 4599 1258 7178 9942 8072 426 7091 1810 4232 3911 8420 1987
14
7648 3243 4681 419 1768 6881 3941 3092 8460 9018 8029 2779 3013 839
7
343 806 7969 5645 9778 3287 6221
11
5164 6885 4404 5183 20 3461 9365 6250 9971 9539 14620
9
268 5343 4717 6504 561 3006 196 3953 6380
3
3288 9384 6612
5
7548 9890 7588 4179 13865
13
340 7476 513 2458 3622 738 8488 3527 7293 8215 112 477 2583
12
3227 4019 6892 4399 8881 4798 1154 310 1509 5517 2651 9805
12
9752 7765 2083 533 1221 6777 7477 4459 6688 8089 1862 8806
3
2359 2241 502
5
3044 6110 9825 7253 9742
4
3716 2054 6788 7174
6
6358 5713 2967 6259 7423 8991
3
3694 5691 6229
14
4804 2371 8082 4411 3949 2802 8199 507 8135 7097 2344 3913 673 12787
7
4191 8081 4238 2967 8278 9665 4416
4
204 6186 9772 3806
12
8455 8557 6592 2816 2559 2344 9520 6834 9421 7684 2900 9167
11
3901 513 9879 1071 7364 6436 1644 7391 2775 7662 2436
13
8920 5330 5390 8080 8166 6710 8562 5014 937 5672 2813 1333 4585
3
9211 1332 9935
2
3591 7419
3
1928 3723 2307
9
9174 7097 961 8044 5978 1512 1032 6135 4371
7
8376 9720 683 1408 7045 736 6926
5
3713 6936 4868 1159 538
15
1724 6760 3827 1486 5035 1748 8443 9882 928 9796 1929 9129 6797 576 7678
8
9283 7738 6985 4075 8800 1264 7081 5090
12
9706 9787 1281 9936 2848 3919 4979 7063 9864 9212 9770 3618
13
5577 6750 8602 277 9024 9475 3397 8368 3775 3610 5501 6728 2878
15
2625 8779 3009 7097 680 5069 9945 2957 7961 1350 574 9533 7596 1571 8848
3
2765 7441 9420
15
5020 7667 1141 2957 6708 3469 5876 1393 7502 2821 483 1913 4513 7136 6908
13
9056 2553 7726 6196 1487 3234 8838 7846 2531 8013 8422 9558 6820
7
3109 6044 6961 6293 9142 5557 8230
11
480 5071 3269 5274 2187 1354 8619 2648 7089 7100 11343
10
6982 2700 5619 2320 1283 5518 7707 3770 9725 10488
