50
3 2
0 1
3 2
6 1
2 2
0 3
1 1
7 2
-14 22
-3 20
-1 10
0 12
3 4
9 8
12 19
20 5
-83747 2
-80192 5
-76711 2
-75028 5
-73730 4
-68388 5
-68358 4
-15993 4
-14035 3
-5626 1
-2940 1
13154 5
13168 3
27012 3
50445 5
51774 5
65007 4
76820 5
80888 2
92628 2
20 5
-100000 7
-97181 4
-94205 3
-92553 7
-87285 3
-82787 8
-78797 7
-43155 3
-33814 3
-20089 4
-6290 1
3957 6
12913 8
14463 10
29032 8
34152 2
40332 5
88536 3
93221 5
100000 3
20 5
-97209 3
-83243 3
-74915 2
-65739 3
-64557 5
-56244 4
-37094 2
-20865 5
-12333 5
-5346 4
-4259 1
14087 5
26994 1
27318 1
35174 3
39805 4
39815 4
51752 2
58261 3
82843 1
20 5
-100000 3
-87683 4
-62330 3
-58768 9
-40405 4
-27867 8
-17407 6
-7340 8
-4026 6
-6 6
299 2
8580 1
9372 1
49801 5
65346 4
85235 6
92530 6
94836 6
97001 5
100000 7
20 2
-88354 4
-87914 5
-84719 3
-78390 5
-63723 1
-57654 2
-49826 2
-42730 3
-10316 1
2032 3
11613 1
17582 1
23381 4
25109 1
28976 5
28980 4
56485 4
56873 1
75427 2
85772 4
20 1
-80027 5
-74455 6
-74337 8
-60927 9
-38147 1
-30309 5
-17213 1
-6791 7
9459 7
21424 4
22000 2
48182 7
53420 7
62357 5
73965 5
77371 2
80279 2
86437 7
92826 3
94578 6
20 5
-100000 3
-98218 1
-91250 8
-83918 7
-71996 8
-65972 4
-60284 6
-49657 5
-23808 7
-13060 2
-1529 2
2035 1
23948 9
34870 5
55364 7
63994 6
82028 6
86395 6
89812 3
100000 4
15 2
-96661 5
-68383 12
-61726 3
-40323 7
-33813 11
-21443 4
-20895 7
7045 9
28418 4
31273 3
43385 11
44295 11
49039 5
92611 6
98574 1
19 3
-52 10
-48 4
-44 2
-37 5
-36 2
-30 10
-21 4
-19 2
-17 7
-12 1
6 7
11 3
25 5
27 3
35 7
38 9
43 4
48 7
52 8
20 5
-92766 4
-84070 1
-73018 5
-73013 4
-57738 2
-54360 1
-38034 2
-333 4
-153 5
7839 2
17985 3
22822 1
41535 1
43339 3
49229 5
49551 5
65842 4
68867 3
71780 4
96648 1
4 4
-79059 23
-54428 36
-19209 8
80148 26
20 2
-94317 1
-91270 1
-68895 2
-66676 4
-48387 4
-42256 3
-35709 3
-20620 4
-15733 3
-7037 1
4490 5
4499 5
10907 3
12947 1
13429 4
32065 4
37586 4
43926 3
44938 2
95060 1
14 2
94801 14
94802 10
94807 6
94812 6
94817 5
94826 4
94833 5
94842 12
94843 3
94851 5
94853 11
94855 9
94856 6
94859 3
11 5
-41222 5
-41205 11
-41179 13
-41165 5
-41148 5
-41133 13
-41126 13
57549 6
57578 10
57581 9
57587 5
1 5
2957 100
9 2
-78299 17
-39736 17
-31152 11
-6460 16
25884 2
27083 4
30721 18
82626 7
91190 8
20 2
-92745 1
-82487 5
-72761 1
-57650 5
-56023 4
-14716 4
-13029 3
2518 1
3354 3
7731 3
20628 4
40190 1
41664 5
41666 3
45156 2
49481 1
57601 2
58001 5
66797 3
70008 2
9 2
-14 14
-13 14
-12 7
-11 4
-8 4
-2 22
4 5
7 20
8 10
13 4
-97930 4
-82032 4
-73695 6
-49341 10
-20654 14
-10452 3
5956 13
11701 6
28067 7
29625 9
44002 6
61957 5
82607 13
17 5
-98640 7
-82510 8
-60009 7
-45226 10
-38657 4
-29687 7
-25949 11
1857 5
7718 2
8118 5
19186 6
47294 7
64272 6
69265 1
77737 8
81933 4
97185 2
20 3
-100000 4
-91282 7
-77531 6
-58398 9
-54499 2
-34303 3
-28068 5
-6227 6
4833 5
5112 3
5443 6
10048 7
10553 2
50058 3
52219 9
56067 3
62923 4
63281 3
90694 7
100000 6
20 4
-100000 3
-87325 5
-79938 4
-79479 4
-64861 12
-51160 6
-31502 4
-28641 7
-28182 7
-25899 8
-20461 5
-16650 2
-2898 3
905 3
5397 3
23110 9
39857 5
48889 1
70721 4
100000 5
1 5
65681 81
1 5
-70285 74
10 3
64372 13
64374 11
64381 16
64385 11
64395 12
64398 12
64402 4
64410 13
64412 6
64422 1
20 5
-99341 4
-97689 1
-90633 2
-81220 3
-66978 3
-61381 2
-52382 3
-32661 5
-31800 5
-31792 4
-17444 4
-5843 3
-2262 1
669 5
17493 4
36239 5
65729 4
91804 1
98537 3
98662 1
20 4
-91522 4
-87961 4
-77085 2
-73870 3
-37501 2
-37256 3
-29002 3
-9019 4
3194 4
6137 5
7515 5
20950 5
27090 2
51405 1
58137 3
58141 5
86019 5
95560 1
97462 1
97737 3
1 5
9447 100
2 2
-2 83
2 14
20 5
-96886 3
-88725 2
-88723 4
-81681 1
-65588 1
-57198 4
-56770 4
-34334 3
141 2
1078 5
1478 3
13435 2
27167 4
49983 1
52976 1
53518 1
54307 4
73068 3
80059 3
91954 1
11 4
-43 3
-39 6
-34 15
-12 9
-1 13
10 13
22 6
26 9
27 14
30 4
32 7
6 1
-90413 9
-68885 8
-67917 36
-5956 9
25707 19
80087 10
20 5
-100000 3
-97571 8
-93028 6
-61943 2
-49723 3
-25730 8
-14785 8
-5508 5
-3785 4
18120 6
24988 2
27517 5
65840 9
67818 2
71695 3
79594 1
83311 4
89759 5
93994 7
100000 9
11 4
-73727 13
-59501 4
-45563 10
-45053 3
10583 10
21371 2
37652 15
39395 11
58315 10
82360 5
92955 17
20 1
-88150 3
-77009 1
-51421 4
-40662 5
-21755 1
-17362 3
-10724 4
-6572 2
-3870 5
19896 5
27815 3
30842 2
34003 5
34005 5
34767 1
40924 5
41880 2
57494 3
78301 1
81337 2
8 1
-37077 51
25112 7
25123 9
25148 9
25150 8
25171 1
25201 1
25209 4
6 5
-68995 49
98206 15
98209 9
98218 8
98232 5
98247 1
1 5
87700 100
1 5
-18303 98
2 2
-69863 1
21998 1
16 4
29110 10
29113 6
29117 6
29122 9
29126 8
29132 11
29139 8
29146 5
29156 5
29162 6
29168 7
29174 5
29177 3
29181 3
29184 7
29193 1
16 2
-97856 5
-97828 6
-97811 6
-97782 2
-97753 5
-97750 4
-97724 3
-97715 4
-97688 3
-97687 4
63031 7
63046 16
63063 10
63078 13
63084 7
63114 3
1 3
-35219 97
19 3
-54 8
-53 8
-52 6
-37 10
-35 7
-32 5
-27 2
-14 4
-10 8
-9 7
3 1
4 6
13 3
14 6
22 3
29 2
35 8
38 1
55 5
20 5
-100000 7
-86343 6
-84969 3
-71725 3
-66304 8
-61125 9
-58679 5
-52695 7
-51237 2
-39772 1
-24913 10
3423 3
24722 3
28719 7
30820 6
50989 5
64793 1
77769 5
97764 5
100000 4
20 3
-100000 7
-79741 5
-79555 8
-72571 4
-31880 5
-25187 6
-17869 4
-16654 3
-10747 2
-6984 1
26018 2
29083 9
35238 1
43254 6
60025 8
62421 8
69510 6
93630 2
97663 6
100000 7
15 3
-74454 5
-50521 6
-47943 3
-37980 13
-27883 4
-22414 10
-13729 7
-3537 11
2117 6
8880 11
21873 2
55823 4
58994 6
83663 4
90210 8
