50
3 2
0 1
3 2
6 1
2 2
0 3
1 1
18 3
-52 7
-51 3
-50 6
-34 2
-30 5
-15 10
4 2
7 7
11 10
12 8
20 4
28 5
31 4
32 6
35 4
39 2
48 4
50 10
20 4
-100000 5
-95653 5
-58809 7
-52657 4
-52232 5
-49350 9
-38642 4
-18987 2
-13500 3
-12009 5
-8043 2
-1817 7
13044 8
37796 1
38358 5
41804 3
84673 4
86633 8
91849 3
100000 10
20 4
-100000 8
-97291 3
-93099 4
-85099 8
-81918 7
-77911 2
-54258 4
-47665 2
-25779 2
-17135 2
-15342 7
11632 9
24116 5
71089 6
83713 6
86458 4
86999 6
94172 1
98208 5
100000 9
20 5
-100000 7
-86543 7
-70063 1
-66387 4
-62214 8
-59629 2
-37407 9
-9445 3
-8855 6
-6649 7
-1028 6
14233 4
15857 6
23332 1
54408 3
57668 6
88521 6
93243 5
94369 2
100000 7
1 3
28174 64
6 4
-82260 1
-62914 1
-30916 1
17831 1
43497 1
94802 1
15 4
-53941 9
-53936 27
-53923 14
-53902 4
-53883 10
52844 3
52851 3
52860 3
52882 7
52893 6
52910 1
52918 3
52926 4
52953 3
52954 1
16 4
-58 3
-46 10
-27 8
-22 3
1 3
3 8
12 6
13 8
20 1
33 5
43 12
51 6
53 5
58 4
60 12
61 6
3 2
-82965 25
16876 19
34902 39
17 3
28331 11
28332 4
28341 8
28345 9
28350 5
28356 10
28361 6
28365 5
28367 9
28377 2
28382 6
28384 7
28387 2
28393 6
28400 6
28409 3
28416 1
20 1
-20 1
-16 6
-15 6
-14 6
-13 4
-10 2
-9 6
-7 7
0 4
3 7
5 2
9 9
11 4
12 4
14 8
15 2
16 1
17 8
19 7
20 4
16 5
-52533 1
-52299 1
-37031 1
-15118 1
24950 1
39120 1
41865 1
56710 1
57394 1
70140 1
73739 1
75034 1
82266 1
83431 1
89211 1
95174 1
20 5
-100000 10
-84595 4
-78010 4
-69082 4
-68241 9
-34827 6
-13746 5
-13272 8
6854 1
15942 1
45216 5
52907 1
61639 2
65153 8
68893 6
70133 7
70767 1
73845 6
85646 4
100000 8
9 5
-42 8
-32 5
-24 16
-11 7
-5 14
5 11
15 17
33 3
45 17
20 3
-85696 3
-83575 4
-77437 3
-59895 3
-59616 4
-40778 5
-19589 5
-9800 3
6575 5
15936 5
16770 5
16947 4
31966 5
38850 3
39238 3
61385 2
78670 3
78672 4
80231 3
97494 5
20 5
-95873 1
-80159 5
-61059 5
-56772 1
-40803 1
-36535 2
-20172 5
-8383 2
190 5
5922 3
8365 4
9901 5
9904 4
11573 2
31772 4
64705 1
68207 2
87733 1
88408 2
93299 2
2 3
47263 61
60586 23
2 4
88724 59
88725 27
8 2
-91015 5
-46198 14
6813 5
18372 1
23529 24
43158 19
62930 14
67868 18
20 1
-96315 1
-87232 1
-84529 4
-68345 5
-51304 5
-45326 1
-37505 2
-28115 5
-23800 4
-17598 2
-17597 5
-12051 2
-7906 3
3301 4
49921 5
52240 3
61909 1
77596 5
84481 4
94787 3
1 5
84701 77
20 5
-100000 7
-91620 1
-85579 3
-75098 8
-50177 4
-48676 6
-40413 4
-31998 3
-27646 3
-23995 4
-7640 3
-4558 5
4298 6
14024 6
14843 4
30641 8
56857 9
66010 5
82338 5
100000 6
8 5
-91650 11
-86706 14
-70220 23
-53682 8
-27042 6
14447 20
15782 10
38217 6
20 3
-80330 1
-79424 5
-79420 5
-56943 5
-50856 5
-49818 3
-49026 2
-40032 4
-29128 4
-23764 3
-19723 5
5947 5
27241 1
29010 2
30590 4
35912 5
62884 5
63016 2
86959 4
95116 2
20 4
-97851 1
-76992 3
-64245 3
-58871 1
-54137 4
-41399 3
-34488 2
-34481 5
-31924 4
-22860 3
-16752 2
-15959 4
1862 3
33873 4
55495 3
56593 5
62815 3
74032 5
84663 1
87478 1
20 1
-98501 5
-96559 2
-89818 1
-87530 3
-72478 4
-59160 2
-27989 1
-22262 5
-21143 3
-10334 1
-8656 5
-8655 3
371 3
21552 3
27797 5
33692 5
38489 1
47770 5
81040 1
82334 1
1 5
-18821 97
1 5
-57376 100
20 5
-100000 3
-99957 6
-97584 9
-88569 2
-71787 7
-61944 2
-61900 2
-40469 6
-34161 4
-29272 4
-21706 7
-5354 9
-2611 1
-178 3
28502 8
49763 5
50844 5
83341 9
93189 4
100000 4
1 5
110 100
4 1
-62302 49
-62295 11
-62294 12
-62290 22
19 2
-37064 13
-37034 8
-37014 4
-36985 13
-36983 1
45722 4
45742 4
45745 2
45762 8
45763 2
45780 6
45782 6
45793 8
45797 1
45820 6
45831 2
45841 7
45854 3
45855 1
12 4
-38478 16
-38458 16
-38434 16
-38411 14
-38392 26
-38374 4
58214 1
58219 1
58234 2
58243 1
58273 1
58301 1
20 4
-93895 1
-79330 5
-78397 2
-62375 2
-22243 4
4019 4
21427 3
27315 5
27477 5
27485 3
32610 3
33849 3
40784 2
42787 2
47096 2
49234 1
58631 1
79922 2
89666 4
93301 3
20 3
-89649 5
-78165 2
-68237 3
-41543 4
-20903 3
-15810 4
-15804 5
-15577 3
-10551 4
-5153 4
8374 4
11548 4
27799 1
29648 3
31362 3
41173 4
59113 1
68333 2
78411 5
86043 2
20 4
-100000 10
-94970 3
-40943 2
-28586 4
-22865 2
-22028 6
-21211 2
14825 9
27059 6
32125 7
35734 4
52207 5
56043 3
57658 3
59201 6
69800 5
76487 9
81954 8
85225 3
100000 3
11 5
-53398 18
-53371 18
-53353 9
-53332 4
-53322 19
-53321 10
-53295 6
-53273 3
44892 4
44907 5
44910 1
20 2
-86053 3
-72668 3
-71076 3
-54547 3
-47637 1
-47549 3
-38589 2
-25061 3
-23246 2
-14297 3
-6766 5
-4052 4
6519 3
20292 2
47477 2
49470 5
64183 5
68569 4
68575 4
85573 4
20 5
-85016 1
-84482 2
-77269 2
-76260 4
-44405 5
-39251 4
-19806 4
-7235 4
-7230 4
-111 3
3981 4
7701 3
8430 1
9260 3
60906 3
74001 4
74638 4
91138 2
91637 1
93427 4
8 4
-10 9
-4 8
6 7
10 13
20 25
25 16
26 8
27 9
20 5
-100000 4
-99102 2
-84651 8
-81879 4
-60485 6
-42364 5
-32162 9
-29995 4
-8895 7
-4665 9
3199 5
37056 2
39220 6
39568 1
41698 6
54703 3
68517 8
75790 3
90254 3
100000 5
3 2
0 57
1 20
5 14
1 5
8259 100
15 3
-47056 6
-47037 27
-47033 16
-47007 8
-46994 15
-46981 2
30116 5
30136 2
30143 5
30147 4
30154 4
30167 2
30195 2
30211 1
30220 1
20 5
-100000 9
-89189 2
-84748 5
-73229 5
-69527 4
-62494 9
-50029 7
-15101 7
-11129 4
-6684 3
-3845 1
6698 3
14863 5
36458 6
56405 3
74807 6
86512 4
97478 6
98047 7
100000 4
20 5
-100000 2
-95933 3
-81475 3
-80659 2
-61284 4
-39072 3
-37897 2
-36377 9
-31976 3
-5700 3
5171 6
28888 5
33449 9
40017 8
46561 8
74644 3
81531 8
88872 3
91340 6
100000 10
20 5
-100000 8
-86020 4
-84023 5
-79694 1
-72863 6
-59010 4
-50866 6
-33482 1
-21323 6
-4654 8
5516 3
33523 8
36285 4
42204 6
56120 3
68002 4
69232 9
80053 5
88961 5
100000 4
20 3
-100000 9
-75746 4
-44297 4
-38826 6
-35077 7
-34386 8
-28905 6
-27197 6
-19482 3
-16195 7
-11697 4
-9726 6
19384 6
37009 2
38155 6
38803 4
58996 5
77148 2
95753 1
100000 4
