50
3 2
0 1
3 2
6 1
2 2
0 3
1 1
20 5
-100000 5
-79009 4
-70961 6
-66969 5
-63903 4
-26316 2
-25346 6
-10519 13
6816 2
9782 7
19660 4
22623 4
26847 4
28353 5
29602 3
32679 2
67442 4
88815 10
98126 7
100000 3
12 3
-99968 1
-97164 1
-58868 1
-31545 1
-30864 1
-21867 1
-18252 1
-3865 1
276 1
15538 1
25570 1
40989 1
16 5
-41247 17
-41227 9
-41214 4
-41186 17
-41180 4
-41159 9
94603 3
94609 7
94632 4
94636 6
94656 5
94668 2
94686 1
94698 4
94717 2
94730 1
2 5
81085 58
81089 24
1 2
1 93
13 1
-81054 6
-69144 3
-59162 13
-47724 5
-34308 3
-19109 8
-11221 6
18342 8
22677 17
29352 8
32027 9
77793 3
84629 8
6 5
90095 32
90101 11
90104 25
90111 6
90119 17
90120 4
18 5
-87497 7
-75185 1
-68837 7
-58291 5
-41038 5
-39377 5
-25714 6
-24000 5
-5407 9
-5143 2
-4961 7
14035 3
35885 3
37349 6
55870 9
61831 7
65486 8
90200 3
10 5
-84097 7
-84089 5
-84085 13
-84079 8
-84072 22
-84070 8
-84068 9
-84065 11
-84060 13
-84050 3
1 5
-64049 72
12 1
-11 13
-9 2
-8 2
-5 8
-3 6
-2 8
2 7
3 15
5 8
6 6
7 9
8 14
20 4
-100000 4
-97985 4
-86157 5
-68408 8
-63344 2
-62455 6
-50191 4
-45496 4
-26683 7
-23521 8
-22537 5
-15455 3
-12005 1
-2066 8
16694 7
20171 5
36361 3
53735 5
67825 2
100000 9
20 5
-85200 5
-81543 2
-58736 4
-58704 4
-47548 5
-23732 4
-19594 5
-5710 1
-168 1
12223 2
25664 5
48740 3
54256 5
76721 3
82079 3
89413 5
89417 3
90414 4
92718 1
99789 5
20 5
-86118 5
-82335 2
-60943 4
-60934 4
-47762 4
-47582 2
-41564 4
-27604 4
-18977 4
-12115 1
-9053 5
-2350 1
10987 3
41384 4
70013 4
70234 4
75115 4
89020 3
91059 2
96612 2
10 2
52305 14
52312 5
52319 10
52328 14
52335 10
52340 8
52342 6
52346 17
52356 10
52357 3
1 3
-2 80
1 4
79680 72
11 1
-64724 1
-59442 1
-58004 1
-55010 1
-51326 1
-43784 1
4248 1
24656 1
58334 1
70429 1
75504 1
16 1
-15 4
-12 8
-11 6
-10 7
-7 9
-6 7
-3 4
-2 2
4 6
5 4
6 6
7 5
8 7
12 12
13 6
16 6
14 3
-72265 9
-72253 16
-72251 11
-72250 2
42688 10
42715 5
42736 3
42742 5
42748 9
42759 10
42776 4
42794 4
42819 4
42835 4
17 3
-47632 9
-47608 7
-47590 15
-47572 14
-47557 7
-47533 4
-4810 3
-4803 6
-4796 4
-4787 2
-4779 2
-4771 2
-4744 8
-4721 3
-4703 3
-4685 3
-4673 3
20 5
-96880 5
-83560 4
-83547 5
-72225 3
-66422 2
-61615 3
-14258 4
-7875 2
-4142 4
2330 5
3404 2
6125 2
12897 2
44610 1
51113 5
77571 5
86051 5
86214 1
91499 2
95923 4
11 2
-74678 12
-74660 11
-74637 16
-74611 9
-74584 6
99290 4
99303 6
99316 3
99321 11
99330 8
99340 8
20 5
-100000 6
-97506 6
-96587 3
-79915 7
-47542 9
-24044 3
-7462 8
-6061 5
-4668 3
865 3
4836 2
6616 6
12044 7
15623 2
20614 7
20648 1
23937 4
52388 3
67301 8
100000 7
20 4
-100000 6
-85321 2
-76264 7
-74238 6
-33036 4
-13650 2
11305 7
19133 6
23158 2
24957 1
27873 7
38822 6
41831 9
42440 3
44519 3
53256 5
70981 8
83533 4
89197 5
100000 7
4 2
-7 22
-2 32
2 9
6 33
20 5
-100000 9
-80997 6
-72320 2
-69543 8
-65267 3
-52540 8
-44684 1
-27578 6
-13633 3
15339 4
22733 2
38045 7
46562 8
48452 3
48746 7
59385 5
78189 4
78909 3
95974 9
100000 2
20 4
-98908 5
-58113 4
-56319 5
-48502 5
-46715 3
-27485 1
-19868 3
-4091 2
1715 1
3044 5
10326 2
49902 2
54563 5
54574 5
59115 1
59995 2
65692 2
79494 1
82204 5
94837 2
3 1
-48669 28
-48661 20
-48654 26
20 5
-100000 3
-95413 8
-94293 8
-78685 4
-61374 2
-50586 3
-46460 6
-41480 7
-32956 7
-24407 3
-13628 5
-5232 5
24301 9
36197 1
37384 3
62576 2
65250 7
65483 5
93415 8
100000 4
20 5
-100000 3
-92485 2
-70026 4
-60192 1
-45956 8
-45407 9
-42482 8
11791 11
12218 4
41820 4
53464 7
55191 2
63886 5
65835 6
67426 3
69777 3
73365 6
84083 3
89675 5
100000 6
3 4
-91689 13
37713 39
66156 46
20 5
-100000 6
-83754 3
-81312 7
-71302 5
-55194 7
-50070 9
-33958 8
14459 3
19270 5
19327 6
22261 3
49135 1
49901 5
52171 5
74512 2
75987 5
82502 2
83637 3
93347 9
100000 6
20 2
-94243 3
-81404 1
-80890 2
-76775 4
-66553 2
-64426 3
-55770 2
-38592 4
-30257 2
-21036 2
13371 3
16135 5
20083 2
29854 3
34377 5
54334 2
66886 3
89522 5
89525 4
95319 4
20 2
-89478 1
-76870 1
-61126 3
-60204 2
-59269 1
-49723 1
-43796 2
-29618 4
-25764 4
-25760 4
-17783 5
636 1
13849 4
24159 1
25711 3
31648 5
50850 4
71301 4
97056 2
99987 2
20 5
-100000 6
-96898 5
-79426 9
-21259 1
13500 7
21030 1
31078 3
39392 2
50110 9
52651 4
59005 4
61237 8
64913 4
65638 3
71278 5
84381 4
89236 7
93680 1
97854 8
100000 9
1 2
76152 71
1 3
-6827 62
20 3
-84139 1
-75631 3
-72537 5
-60701 5
-57314 4
-48086 4
-46697 5
-45288 2
-19205 3
-15119 4
-12738 2
-1603 2
-687 4
30737 1
42006 1
46100 5
87754 4
87757 4
90630 4
94156 1
9 1
-4 11
-3 7
-2 20
-1 9
2 9
4 13
5 5
6 22
9 4
20 1
-97864 2
-67674 2
-63464 3
-43844 3
-39843 1
-13142 5
-5992 2
444 4
457 3
9548 3
13044 5
24090 1
28105 5
33607 5
33611 5
43067 4
52529 1
54836 1
70581 3
82813 4
20 5
-100000 4
-56582 7
-46653 8
-28515 3
-18254 5
-15865 10
-14356 4
-8315 7
3414 4
5357 7
31787 2
50740 2
55714 4
58820 8
65096 4
67364 3
83187 3
86475 3
97566 8
100000 4
17 4
-64 7
-60 4
-59 8
-52 2
-44 4
-42 4
-30 6
-25 4
-24 11
-21 9
12 12
13 4
36 3
44 8
55 3
59 4
62 6
20 4
-78234 5
-65845 5
-50359 3
-50352 4
-50343 3
-39187 5
-36434 3
-31562 3
-30179 4
-27883 5
-22200 5
-11022 2
3607 1
12708 5
19619 2
42084 3
54497 4
67080 4
68018 5
94981 1
1 5
-182 100
17 5
-83 9
-76 3
-67 3
-38 1
-30 2
2 6
4 4
20 11
26 6
38 9
40 10
43 4
44 4
59 5
68 6
82 4
83 10
20 5
-97385 3
-88073 4
-66758 2
-62171 1
-57885 2
-49196 5
-43162 5
-42725 3
-39645 2
-35677 1
-5258 5
-5239 4
2708 4
6490 2
6997 2
7501 4
12521 4
32765 4
61515 4
74743 4
10 5
-64701 3
-64690 4
-64660 1
-64644 1
-64643 3
-64631 3
-64622 5
-64604 1
-64588 2
79791 45
