50
3 2
0 1
3 2
6 1
2 2
0 3
1 1
1 3
-91852 83
3 4
-11 30
-1 24
1 29
5 3
-88314 17
-56310 29
-52733 31
-45209 2
36318 21
20 3
-96098 4
-70996 1
-69839 4
-66362 5
-55087 2
-46635 1
-46312 4
-43941 4
-35494 4
-14054 5
-13952 1
-8126 2
42917 2
46007 2
49282 5
80194 2
87262 3
87265 5
89437 5
99303 3
14 5
-57 5
-55 11
-39 13
-30 12
-26 7
-25 2
-8 6
1 4
15 14
24 4
27 3
39 3
55 8
62 7
15 1
-15 6
-13 3
-11 11
-10 1
-5 6
-4 9
0 10
2 12
3 8
5 2
8 6
9 6
11 8
12 7
13 3
20 5
-100000 3
-93025 9
-92397 6
-75695 2
-53185 7
-40781 4
-26100 6
-24409 8
-14930 8
6572 1
14172 6
19510 3
25154 6
33747 8
70955 3
73387 1
75651 6
81711 9
99728 2
100000 2
20 2
-98906 8
-92351 6
-80162 1
-76270 1
-59728 5
-51147 5
-17751 6
-16800 3
-9044 7
-6879 8
3535 3
12806 2
15103 6
15775 1
26848 6
27387 3
52263 6
55218 8
70689 8
81905 6
20 5
-75447 2
-73162 5
-54743 4
-44429 4
-41939 2
-35958 1
-21881 5
-17292 5
840 5
15848 2
17157 5
17173 4
35524 3
35838 4
59891 4
70863 5
72986 4
77075 2
79913 4
94862 1
1 5
65277 100
3 4
19621 25
19627 28
19633 24
8 1
-88805 14
-88794 27
-88768 3
625 21
647 12
653 12
679 7
692 1
19 5
-72479 9
-72467 1
31528 5
31558 9
31559 2
31587 5
31606 10
31636 5
31659 5
31685 6
31699 6
31729 5
31735 3
31760 6
31770 8
31794 4
31803 5
31816 3
31822 1
19 1
-15388 11
-15380 14
-15378 28
-15361 13
-15350 12
-15343 5
19325 1
19340 1
19356 1
19386 1
19415 1
19442 1
19472 1
19483 1
19484 1
19490 1
19514 1
19531 1
19537 1
20 5
-100000 8
-95833 7
-91779 3
-79941 3
-65433 7
-17658 9
-16120 6
-14659 7
-13595 6
15160 6
15866 6
21817 5
23957 4
27158 3
32074 3
40471 4
70717 6
88759 1
97373 3
100000 3
20 3
-58 2
-56 2
-33 3
-32 5
-30 3
-29 4
-25 10
3 3
5 8
11 7
16 7
18 3
24 4
29 6
30 8
36 7
42 7
50 2
54 5
55 4
15 3
38728 5
38731 9
38736 9
38740 10
38743 6
38751 9
38759 4
38767 4
38777 6
38782 6
38790 8
38799 12
38805 8
38811 2
38819 2
1 5
96945 100
1 5
32255 69
20 5
-79885 2
-75329 4
-74777 5
-71844 5
-70668 1
-63316 1
-60729 3
-48707 3
-46305 3
-4696 2
8181 2
31164 2
32165 3
41844 4
42470 4
45100 2
89680 4
95360 4
95365 3
96325 5
20 3
-93532 1
-74062 4
-73365 3
-72476 2
-31251 2
-29460 1
-20362 4
-185 3
3269 3
26117 3
29193 2
32190 2
46575 2
49052 3
59803 4
76910 4
85500 4
92772 3
92779 4
94244 2
7 4
-23 14
-16 6
-12 11
7 17
8 13
19 26
24 10
8 4
-24 9
-23 9
-15 19
-2 4
0 17
12 12
14 9
22 20
20 5
-100000 7
-81884 1
-33703 7
-19170 5
-16391 9
-8690 7
-561 7
-541 1
4605 1
10340 4
10346 2
36895 3
41393 5
47448 7
52637 4
52860 1
62813 5
77381 8
84469 7
100000 9
15 2
-98579 13
-67766 1
-35116 4
-21822 11
-12959 5
-8018 10
-5671 10
5578 4
15733 7
26593 6
45389 11
49941 4
65488 6
85111 3
86683 4
1 4
-3 72
20 5
-62285 5
-58269 2
-36201 4
-35510 5
-28839 1
-21826 1
-19552 3
-10998 1
-4382 2
252 4
3497 4
19449 1
40134 5
50487 3
55672 3
88907 5
96627 2
97985 3
97993 5
98305 4
20 4
-81590 5
-74808 4
-69561 4
-66608 2
-58581 4
-58577 4
-49569 4
-46940 5
-46699 1
-19058 3
-13509 2
-9141 2
-8610 2
-6775 3
-3003 3
59 3
9116 1
69624 2
78811 4
80447 4
9 2
-15 16
-10 10
-9 14
-8 8
-7 7
-6 7
-2 16
11 21
17 1
20 3
-95941 3
-93544 1
-79205 5
-71486 3
-48218 4
-40493 3
-39263 3
-35762 3
-34892 4
3468 3
3469 5
3739 5
5863 1
18293 2
22647 4
24372 2
41238 1
74541 4
81501 3
92861 2
13 5
-85292 1
-85275 8
-85268 4
-85254 1
-85252 5
19916 5
19924 7
19953 23
19976 13
20004 13
20013 11
20017 2
20033 5
17 4
23172 6
23181 10
23191 9
23201 8
23208 7
23217 6
23224 5
23229 7
23238 6
23247 8
23253 8
23257 4
23260 2
23269 6
23272 5
23277 1
23283 2
20 5
-100000 4
-90255 4
-81394 9
-80686 5
-74015 4
-65176 9
-64969 4
-58862 4
-28491 5
-18673 9
-8975 5
-5101 4
6297 8
6991 5
7056 5
14165 5
42432 3
68858 2
76226 1
100000 5
1 2
-4865 77
20 3
-83038 5
-60275 3
-55823 1
-40106 1
-38495 2
-28304 4
-12846 4
-12007 4
-9604 3
-5355 5
-5344 4
4209 2
11108 5
19416 4
30051 2
48440 1
50663 2
51000 1
85430 5
92046 5
20 5
-100000 10
-93673 5
-65059 5
-57635 7
-55139 6
-44130 1
-40046 8
-37707 1
-29474 3
-27175 5
-17169 2
-10781 3
29760 5
34742 9
37766 4
61272 9
67105 6
80273 3
90403 6
100000 2
20 4
-99824 8
-94182 9
-93496 2
-91241 2
-83921 2
-75644 6
-74300 2
-69764 3
-66569 2
-40424 5
-37013 9
-31200 3
-18454 11
-17040 8
36536 3
45978 9
52434 3
67070 3
75466 6
91449 2
20 2
-71613 2
-69982 3
-65396 1
-63659 5
-63657 2
-37045 3
-34969 4
-9401 2
-4904 2
1969 5
5570 5
14479 5
25053 4
27622 5
33320 5
44021 5
53390 1
63123 4
66313 1
79943 1
8 1
-87962 6
-59302 19
-59086 15
-43075 8
-15428 20
22564 6
24022 14
76668 6
14 4
-85791 13
-85781 23
80609 4
80624 7
80646 6
80664 6
80677 6
80693 3
80717 3
80745 2
80764 3
80783 2
80803 4
80826 1
14 4
-53155 5
-53151 11
-53129 9
-53105 8
-53082 21
-53068 2
-53039 7
2732 6
2741 3
2746 6
2752 10
2766 1
2792 2
2794 6
1 3
28482 93
20 5
-100000 10
-88462 7
-88169 2
-84746 4
-73806 4
-65159 3
-60341 3
-45050 3
-34615 3
-23498 9
-18660 2
-17787 7
15140 6
27371 8
30673 2
74448 6
89682 8
91324 2
97295 2
100000 9
2 1
-56980 1
-50382 1
20 4
-99495 1
-98872 5
-82130 4
-76932 4
-62020 1
-42650 5
-35754 3
-28931 1
-7264 3
-2474 3
10295 5
34498 4
57410 2
63745 1
78034 3
81300 4
86801 5
86817 5
92872 4
95019 1
20 5
-100000 3
-73879 6
-71132 4
-60955 3
-44683 1
-39456 10
-37739 5
-35124 5
-29508 4
-22502 8
-18141 2
-6715 2
-3976 8
1349 2
4114 9
21394 7
34635 2
38988 5
74201 11
100000 3
6 1
-90251 10
-16872 7
-9377 26
-1152 20
11773 12
76384 23
20 5
-100000 5
-79801 2
-72910 2
-67751 7
-66090 7
-20539 5
6762 4
7189 4
7553 4
8100 2
9918 3
17275 11
23073 3
39232 10
62231 5
85168 10
93811 5
95122 7
96083 1
100000 3
