Case #1:
0.5000000000
0.5000000000
0.5000000000
Case #2:
0.6458333333
0.3680555556
0.6041666667
0.3958333333
Case #3:
0.5000000000
0.5000000000
0.5000000000
0.5000000000
0.5000000000
0.5000000000
0.5000000000
0.5000000000
0.5000000000
Case #4:
0.3270833333
0.4500000000
0.6416666667
0.5291666667
0.6677083333
0.3718750000
0.2739583333
0.5069444444
0.5750000000
0.5791666667
Case #5:
0.4097222222
0.4583333333
0.3541666667
0.5972222222
0.6770833333
Case #6:
0.4810185185
0.3291666667
0.6006944444
0.4857638889
0.3291666667
0.4479166667
0.5552083333
0.6805555556
0.5625000000
0.6083333333
Case #7:
0.6250000000
0.5972222222
0.5694444444
0.5416666667
0.5138888889
0.4861111111
0.4583333333
0.4305555556
0.4027777778
0.3750000000
Case #8:
0.4731481481
0.4869047619
0.5472470238
0.5434821429
0.3634821429
0.5343253968
0.5037202381
0.5573908730
0.5045238095
Case #9:
0.4861111111
0.6250000000
0.5138888889
0.4027777778
0.4305555556
0.5416666667
0.5972222222
0.5694444444
0.3750000000
0.4583333333
Case #10:
0.3680555556
0.3958333333
0.6458333333
0.6041666667
Case #11:
0.6017361111
0.5461805556
0.4416666667
0.7465277778
0.4225694444
0.4687500000
0.5420138889
0.3322916667
0.3880208333
0.5069444444
Case #12:
0.0000000000
0.1875000000
0.2500000000
0.5000000000
0.7500000000
0.8125000000
1.0000000000
Case #13:
0.5000000000
0.5000000000
0.5000000000
Case #14:
0.1250000000
0.5000000000
0.5000000000
0.8750000000
Case #15:
0.5486111111
0.4791666667
0.6041666667
0.3541666667
Case #16:
0.3819444444
0.5127314815
0.6979166667
0.3385416667
0.5815972222
Case #17:
0.3750000000
0.6250000000
0.5000000000
Case #18:
0.5213748347
0.3541970191
0.4977132937
0.5713266487
0.3958636858
0.4945684524
0.5535191090
0.4488353883
0.6027949027
0.5773856765
Case #19:
0.5625000000
0.5312500000
0.5625000000
0.4062500000
0.4687500000
Case #20:
0.3750000000
0.5000000000
0.6250000000
