Case #1:
0.5000000000
0.5000000000
0.5000000000
Case #2:
0.6458333333
0.3680555556
0.6041666667
0.3958333333
Case #3:
0.4870889017
0.4287489287
0.4866447914
0.4635410954
0.5619535572
0.5386821482
0.4034558970
0.5548669502
0.4997301651
0.5493037584
0.5632996037
0.4934222252
0.4921339130
0.5534219321
0.5413993382
0.5607214199
0.5187903750
0.4398114199
0.5402752735
0.5148782578
0.4928767445
0.4472190637
0.5191593329
0.4968326810
0.5184215813
0.4266216520
0.5285368555
0.5151494149
0.5571874853
0.4099766066
0.4641961334
0.5540084805
0.4868208123
0.4710864795
0.4922805138
0.5774352240
0.5391057674
0.5178529710
0.5435064698
0.5158508523
0.4254219383
0.3990516587
0.5013193624
0.4919265723
0.5273101622
0.5539216161
0.5530841645
0.5371083384
0.5598702140
0.5174194981
0.5472439883
0.5266128830
0.5065616046
0.5045285972
0.5390924762
0.4995044938
0.4745971674
0.5356680307
0.4438961043
0.4931897244
0.5466431655
0.4970558641
0.5066531922
0.5391804950
0.3999832512
0.5337143258
0.4770455434
0.5089605638
0.4055608139
0.5100916198
0.5111738396
0.4946268629
0.5222846127
0.5082950300
0.5480110867
0.4161195826
0.5293070394
0.5030303038
0.5055270555
0.4824094914
0.5183839130
0.5665417241
0.4198373399
0.4629328688
0.5277774994
0.3819787292
0.4696399195
0.5668330399
0.3827087758
0.5214104186
0.4127189692
0.4516314950
0.4508230011
0.4665135752
0.5490165142
0.4267126956
0.4702907571
0.5208625853
0.5648110062
0.4999654140
Case #4:
0.4444444444
0.5277777778
0.5277777778
0.5000000000
0.4583333333
0.3750000000
0.5000000000
0.5555555556
0.5277777778
0.5694444444
0.4861111111
0.5000000000
0.5000000000
0.5138888889
0.5555555556
0.4722222222
0.5833333333
0.5138888889
0.3888888889
Case #5:
0.5000000000
0.5000000000
0.5000000000
0.5000000000
0.5000000000
0.5000000000
0.5000000000
0.5000000000
0.5000000000
0.5000000000
0.5000000000
0.5000000000
0.5000000000
0.5000000000
0.5000000000
0.5000000000
0.5000000000
0.5000000000
0.5000000000
0.5000000000
0.5000000000
0.5000000000
0.5000000000
0.5000000000
0.5000000000
0.5000000000
0.5000000000
0.5000000000
0.5000000000
0.5000000000
0.5000000000
0.5000000000
0.5000000000
0.5000000000
0.5000000000
0.5000000000
0.5000000000
0.5000000000
0.5000000000
0.5000000000
0.5000000000
0.5000000000
0.5000000000
0.5000000000
0.5000000000
0.5000000000
0.5000000000
0.5000000000
0.5000000000
0.5000000000
0.5000000000
0.5000000000
0.5000000000
0.5000000000
0.5000000000
0.5000000000
0.5000000000
0.5000000000
0.5000000000
0.5000000000
0.5000000000
0.5000000000
0.5000000000
0.5000000000
0.5000000000
0.5000000000
0.5000000000
0.5000000000
0.5000000000
0.5000000000
0.5000000000
0.5000000000
0.5000000000
0.5000000000
0.5000000000
0.5000000000
0.5000000000
0.5000000000
0.5000000000
0.5000000000
0.5000000000
0.5000000000
0.5000000000
0.5000000000
0.5000000000
0.5000000000
0.5000000000
0.5000000000
0.5000000000
0.5000000000
0.5000000000
0.5000000000
0.5000000000
0.5000000000
0.5000000000
0.5000000000
0.5000000000
0.5000000000
0.5000000000
Case #6:
0.5035797579
0.5544482731
0.5435444852
0.5175015875
0.4721620442
0.4624400826
0.4772827467
0.5112225680
0.6146288105
0.4106088451
0.5396740198
0.4574016657
0.5574084182
0.5593598152
0.4411228055
0.5171322875
0.4240192739
0.5432846573
0.5089384811
0.4705924603
0.4736295501
0.5259844838
0.5127842042
0.5048549082
0.4853528110
0.5224016156
0.5562149732
0.4621769197
0.5567277449
0.4826737950
0.4844500896
0.5077759554
0.5263503399
0.4935692958
0.4737524287
0.4981786869
0.5291449443
0.4931491654
0.4094700491
0.4246088937
0.5313030732
0.5553752287
0.5189014178
0.4932378708
0.5511239668
0.5348944139
0.4032262361
0.4312299934
0.5076330232
0.5670760179
0.5126300021
0.4814452568
0.5107300247
0.4858055606
0.5004342339
0.4951832471
0.5405133339
0.6106279376
0.5209176682
0.4295779411
0.5201149194
0.5383667217
0.4517772207
0.4587663500
0.5349056749
0.5254777735
0.4587078261
0.5267564813
0.4096499618
0.4890722759
0.5383453676
0.4584807538
0.5421951230
0.4079146157
0.4229487556
0.4625901696
0.3891990807
0.5024275263
0.5258351509
0.5373182351
0.5052017194
0.5341907829
0.4717619246
0.5621685983
0.4141973422
0.5840645103
0.4075632830
0.5560453040
0.5872299920
0.5249778382
0.5243050757
0.4054856611
0.3974877025
0.5680255816
0.5017855100
0.5199269119
0.5154770739
Case #7:
0.4036062230
0.5475493757
0.5380939243
0.4478968152
0.5327412761
0.4883999837
0.4133478618
0.5326289052
0.5218957979
0.5016153638
0.5396747095
0.5337689660
0.4581220292
0.5374447277
0.5569868547
0.4368623362
0.5433363167
0.4171907426
0.5026098006
0.5018427367
0.5571619529
0.5230413578
0.5296625458
0.4790465342
0.5724836146
0.5064289089
0.6038054994
0.4668869726
0.5109476418
0.4283491159
0.4482757665
0.5648124317
0.4735025250
0.4819415339
0.5442107282
0.5474566610
0.4000207971
0.5060717024
0.4813413770
0.4835161214
0.4621424239
0.4218901789
0.5897716786
0.4320280089
0.5389801855
0.4363850354
0.5182084847
0.4971131413
0.3629936617
0.4818955422
0.3739770154
0.5617310289
0.5368085911
0.5028933490
0.5602000042
0.5401377374
0.5576883506
Case #8:
0.5065443822
0.5445947232
0.5636205218
0.4902423295
0.5441267867
0.5392338194
0.4444785675
0.5155469654
0.5230367132
0.4554063592
0.4606316060
0.4843730491
0.5380515823
0.5266000378
0.5313803743
0.5092806156
0.4752894041
0.5005336443
0.4461518666
0.4878752037
0.5292389300
0.5565214838
0.4479318587
0.4700443103
0.4222828491
0.5116927422
0.4691906350
0.4900901480
0.5322534044
0.4241528431
0.4981247622
0.5011772442
0.4526241644
0.4974424813
0.5654904906
0.5482110436
Case #9:
0.5260454203
0.5932875662
0.5401605483
0.4742614896
0.4148311441
0.4461010359
0.4163618562
0.5004233213
0.5043743373
0.5439324952
0.5435754287
0.5217689803
0.4178904955
0.4602213646
0.5362019856
0.4214092659
0.3932708815
0.5079866083
0.5232769208
0.5485594688
0.5616111546
0.4784668297
0.5257169703
0.5715028619
0.5403769858
0.5146893177
0.5257273669
0.5364629431
0.4912685150
0.4321190239
0.4674670965
0.5077919170
0.5090007750
0.5148394330
0.5124106409
0.4987400774
0.4529276349
0.5355398883
0.4588845143
0.5933065686
0.5299818235
0.5686017089
0.5019444726
0.5095120976
0.4939763285
0.4270435732
0.4210243912
0.5266975935
0.4321962947
0.5614275569
0.5075167679
0.5670784940
0.5265394954
0.5089542135
0.5359191173
0.5407147412
0.4074000205
0.5092864884
0.4878715050
0.5058272039
0.5486077394
0.5075435586
0.4166968394
0.5182297733
0.4952762879
0.4597251113
0.5189095104
0.4713069253
0.5309143486
0.5058085198
0.5477847895
0.4470549162
0.4400942933
0.5552104957
0.4911972010
0.5086482750
0.4907730709
0.4322518414
0.5041124321
0.5388648106
0.5289651727
0.5691109420
0.5447530309
0.3772131728
0.5079681167
0.4233375507
0.5059997216
Case #10:
0.4633838384
0.4684343434
0.5669191919
0.6022727273
0.3800505051
0.4608585859
0.4583333333
0.4229797980
0.5820707071
0.5542929293
0.4911616162
0.5972222222
0.5441919192
0.6148989899
0.3851010101
0.4810606061
0.4785353535
0.4255050505
0.5063131313
0.4103535354
0.5744949495
0.5593434343
0.5467171717
0.4280303030
0.4936868687
0.4330808081
0.5239898990
0.3926767677
0.5290404040
0.5138888889
0.6123737374
0.5214646465
0.4861111111
0.5618686869
0.6098484848
0.4154040404
0.4507575758
0.4002525253
0.6073232323
0.5012626263
0.4457070707
0.5568181818
0.4962121212
0.5189393939
0.5391414141
0.4987373737
0.6224747475
0.4078282828
0.3876262626
0.5643939394
0.3952020202
0.5845959596
0.4886363636
0.5366161616
0.4532828283
0.4835858586
0.5719696970
0.6047979798
0.4128787879
0.5088383838
0.3750000000
0.4709595960
0.4027777778
0.4659090909
0.5037878788
0.4558080808
0.5871212121
0.6250000000
0.4204545455
0.5113636364
0.4431818182
0.6199494949
0.4356060606
0.5770202020
0.5896464646
0.4734848485
0.3825757576
0.6174242424
0.5164141414
0.4305555556
0.3775252525
0.5340909091
0.5694444444
0.5921717172
0.5416666667
0.4482323232
0.5997474747
0.4179292929
0.5492424242
0.4760101010
0.3901515152
0.3977272727
0.5795454545
0.5315656566
0.5946969697
0.4406565657
0.5517676768
0.4381313131
0.4053030303
0.5265151515
Case #11:
0.6250000000
0.6224747475
0.6199494949
0.6174242424
0.6148989899
0.6123737374
0.6098484848
0.6073232323
0.6047979798
0.6022727273
0.5997474747
0.5972222222
0.5946969697
0.5921717172
0.5896464646
0.5871212121
0.5845959596
0.5820707071
0.5795454545
0.5770202020
0.5744949495
0.5719696970
0.5694444444
0.5669191919
0.5643939394
0.5618686869
0.5593434343
0.5568181818
0.5542929293
0.5517676768
0.5492424242
0.5467171717
0.5441919192
0.5416666667
0.5391414141
0.5366161616
0.5340909091
0.5315656566
0.5290404040
0.5265151515
0.5239898990
0.5214646465
0.5189393939
0.5164141414
0.5138888889
0.5113636364
0.5088383838
0.5063131313
0.5037878788
0.5012626263
0.4987373737
0.4962121212
0.4936868687
0.4911616162
0.4886363636
0.4861111111
0.4835858586
0.4810606061
0.4785353535
0.4760101010
0.4734848485
0.4709595960
0.4684343434
0.4659090909
0.4633838384
0.4608585859
0.4583333333
0.4558080808
0.4532828283
0.4507575758
0.4482323232
0.4457070707
0.4431818182
0.4406565657
0.4381313131
0.4356060606
0.4330808081
0.4305555556
0.4280303030
0.4255050505
0.4229797980
0.4204545455
0.4179292929
0.4154040404
0.4128787879
0.4103535354
0.4078282828
0.4053030303
0.4027777778
0.4002525253
0.3977272727
0.3952020202
0.3926767677
0.3901515152
0.3876262626
0.3851010101
0.3825757576
0.3800505051
0.3775252525
0.3750000000
Case #12:
0.5068658878
0.5218141190
0.5056994310
0.5166365575
0.5609050668
0.5365518979
0.5326699967
0.5172595420
0.5656202859
0.4177478605
0.4646569188
0.4349085675
0.5811231389
0.4305189026
0.5254209939
0.5105359804
0.4624453070
0.5345338936
0.5182065431
0.5158670065
0.5015548697
0.4922722341
0.5420276434
0.4626845451
0.5352282192
0.4859667771
0.5386704363
0.5211571183
0.5266328212
0.4730036516
0.5010486708
0.5272152441
0.5253873431
0.3942700207
0.5366739816
0.4707945853
0.4985089179
0.5429262141
0.3904500209
0.4463713684
0.4528162405
0.5406524540
0.5247294405
0.5322758655
0.5277938560
0.4569094405
0.3848484871
0.5428460331
0.5498070142
0.5536820962
0.4088165029
0.4543006071
Case #13:
0.5064674799
0.5716383814
0.5302926086
0.5265829698
0.5103218330
0.5217535900
0.4290304016
0.4954468687
0.4953831044
0.3996403681
0.5507576546
0.4956775111
0.4587015108
0.4396201076
0.5057056554
0.5252756814
0.4657510988
0.4999723378
0.5296344488
0.4582603377
0.4817022778
0.4287841491
0.5143050375
0.5409946411
0.4557024707
0.4636143854
0.5563416772
0.5759102179
0.5499732687
0.4778215349
0.5488042579
0.4712710158
0.5314898155
0.4090327823
0.5039124676
0.5663118432
0.4068337563
0.5378355471
0.5664637879
0.4538356026
0.4286539969
0.5076142561
0.5311203784
0.4821894904
0.5433193574
0.5097222781
0.4515921030
0.3982608131
0.4856561613
0.5404185617
0.5107648140
0.5704344094
0.5408019163
Case #14:
0.5001438072
0.4636188194
0.4903488243
0.5098085691
0.5054877721
0.5510253403
0.4663349059
0.5104320594
0.5010007026
0.5328122241
0.4209089516
0.4338509980
0.4119329638
0.5034089892
0.4911031975
0.5504657728
0.5225517409
0.5304282848
0.5085919108
0.4503412493
0.4938037788
0.5121717928
0.4870635320
0.4647344238
0.5243218771
0.5282110812
0.5203484384
0.5186424997
0.4188351265
0.4922887571
0.5462546870
0.5320407989
0.5086446818
0.5150767636
0.5186634334
0.4555553512
0.5099639839
0.4826352002
0.4778777277
0.3831373765
0.4309249240
0.5211366825
0.5371495646
0.5089957547
0.5382872919
0.5072497160
0.5693243850
0.3838020664
0.5546637754
0.4966809011
0.5599047028
0.5325974729
0.5804871509
0.5110852987
0.5056044463
0.5469664764
0.5310338532
0.5220185417
0.4444197102
0.4450291363
0.5306479670
Case #15:
0.4259470868
0.5147432190
0.4952537678
0.5556595939
0.5143587950
0.4240054886
0.4317706135
0.5526168289
0.5418038323
0.4122412784
0.4946044668
0.5179036808
0.4001833959
0.5155429764
0.4597098590
0.4816259673
0.4853651542
0.5182491864
0.5557064610
0.5266759251
0.4874352414
0.4750517394
0.5344250957
0.5444196800
0.5089507301
0.5562563391
0.4570760363
0.4840863647
0.5375344128
0.3886972395
0.3953542226
0.5372083801
0.5388262006
0.4942485850
0.5587063465
0.4808371492
0.5464393312
0.4722800047
0.4558810205
0.5588506721
0.4373020459
0.5302540077
0.5312428434
0.5225189996
0.5341755907
0.4896666712
0.4698231313
0.5019697712
0.3901625225
0.5106363481
0.5046390956
0.5133060151
0.5309518476
0.5346103343
0.5031831800
0.5662506072
0.5126734314
0.5280381477
0.5223273635
0.4923324929
0.5132936653
0.5318799700
0.5039520043
0.4460701051
0.5065589964
0.4797519130
0.5249318318
0.5481321037
0.5289699031
0.4753910958
0.5271761218
0.4631822472
0.5353398700
0.4643597413
0.4422050012
0.5123557878
0.4894734171
0.5693426244
0.5306634142
0.3884798737
0.4576118414
0.5457747452
0.5283708063
0.5303271862
0.4462503819
0.5116548105
0.5355094625
0.4340092502
0.5104240692
0.5273425449
0.5306414698
0.4876846081
0.4969697123
0.4355102757
0.5196130546
0.5559255177
0.4693125440
0.5452069608
0.4476508432
0.5406507740
Case #16:
0.5228873557
0.5683100850
0.5149598753
0.5525396103
0.5796741394
0.6083438194
0.3132096111
0.4625338203
0.3925232102
0.4793414465
0.4710097956
0.5313652950
0.4825777468
0.5067133222
0.6420000157
0.3691493456
0.4249192177
0.4800364132
0.3592278105
0.5764840460
0.5228729235
0.7018470236
0.3690168651
0.4927744258
0.5157200210
0.5375727516
0.7905787037
0.5699802485
0.6325135639
0.4961682065
0.6987041171
0.3716307419
0.6427284889
0.4807020352
0.4999202743
0.4053152367
0.4517078557
0.5280476202
0.5899813867
0.5122195097
0.5854635141
0.4920761684
0.3812190294
0.3499135917
0.5858737674
0.4872039148
0.4965512266
0.4885912698
0.5478060867
0.5883347601
0.5028951469
0.5487297865
0.5010225811
0.4887475950
0.6273663979
0.4999467073
0.4920659722
0.4389220328
0.5198764859
0.4710968520
0.4834924583
0.4909832451
0.5157262391
0.5365086769
0.5850912344
0.4290178636
0.4341075938
0.4404624530
0.5539334339
0.4907364022
0.4356060395
0.5386665550
0.4827002069
0.4878320139
0.3915388064
0.5507325689
0.5046619898
0.5557593658
0.3417330046
0.6683615116
0.3663581090
0.3903990049
0.4088608487
0.4468391504
0.4315736051
0.5473035714
0.4205287221
0.8259889069
0.5125186160
0.5386914353
0.6431422684
Case #17:
0.5062230064
0.5268861732
0.3769029582
0.2745256133
0.4544457672
0.4369151053
0.6911968144
0.5355660979
0.6057336197
0.5111508175
0.4749668310
0.5377218311
0.4003087382
0.6787054108
0.5849479126
0.4251272334
0.5446883267
0.5540199740
0.4611791777
0.5266793788
0.4915138889
0.5669305649
0.4664741162
0.4360028932
0.4253997147
0.6110842051
0.5553269343
0.5320202333
0.6266565989
0.3520758929
0.5407141139
0.4658643144
0.5782001022
0.4001946945
0.4976698533
0.4401900453
0.6176288530
0.4243557492
0.4786085057
0.4267442323
0.5070297218
0.4200816746
0.5078854016
0.4977825126
0.3608317582
0.4759340553
0.5125836275
0.4730638979
0.5910757626
0.5989580177
Case #18:
0.3895833333
0.5781250000
0.4166666667
0.0625000000
0.2611111111
0.4629629630
0.7087962963
0.5138888889
0.7273611111
0.6875000000
0.7291666667
0.5208333333
0.4843750000
0.4114583333
0.6277777778
0.2812500000
0.4427083333
0.5000000000
0.6312500000
0.1111111111
0.4791666667
0.3958333333
0.2222222222
0.3791666667
0.6822916667
0.5858333333
0.3333333333
0.4722222222
0.3281250000
0.5555555556
0.5555555556
0.3802083333
0.4548611111
0.5291666667
0.6562500000
0.3703703704
0.5416666667
0.5583333333
0.6406250000
0.5370833333
0.3722222222
0.5625000000
0.4687500000
0.6319444444
0.7239583333
0.4861111111
0.3541666667
0.6782407407
0.3202083333
0.6796875000
0.4791666667
0.2666666667
0.2291666667
0.3854166667
0.5000000000
0.5883333333
0.6180555556
0.6032986111
0.4843750000
0.3611111111
0.6041666667
0.6833333333
0.3020833333
0.6770833333
0.4635416667
0.5138888889
0.5638888889
0.9131944444
0.5777777778
0.4687500000
0.3333333333
0.4750000000
0.5173611111
0.4427083333
0.3350694444
0.3726851852
0.6979166667
0.8583333333
0.4062500000
0.5104166667
0.6493055556
0.3666666667
0.4803240741
0.3731944444
0.7031250000
0.6250000000
0.5208333333
0.5416666667
0.5381944444
0.5960648148
0.2541666667
0.6180555556
0.4090277778
0.5583333333
0.4375000000
0.3472222222
0.5451388889
0.5416666667
0.6319444444
0.2847222222
Case #19:
0.4588409238
0.5357617776
0.5197234315
0.5011253359
0.4028397200
0.5332322011
0.4615787966
0.5165623056
0.5766354615
0.5582390078
0.4933420449
0.5272550210
0.3970123767
0.3808394070
0.5402376839
0.5401264787
0.4858212893
0.5629376557
0.4810800356
0.4682647696
0.5214599415
0.4726116531
0.5481625328
0.4352433022
0.5191897915
0.4082696593
0.5627260534
0.5123528560
0.4460810710
0.5053117171
0.5251613465
0.5521820311
0.4660552201
0.5788361848
0.4880438814
0.4472817300
0.5069625438
0.5424365657
0.4033593229
0.4846783317
0.4188873398
0.5180902495
0.5540447665
0.5135354117
0.5334936917
0.5792874343
0.5300254037
0.4391199599
0.5422192063
0.5683369043
0.5263255323
0.4881074364
0.4634089706
0.5260217100
0.4465165342
0.5441695456
0.4734658754
Case #20:
0.5101198035
0.4218127455
0.4248932055
0.6453497024
0.4738825507
0.4349236412
0.5461331963
0.5124715608
0.4175129269
0.5048252198
0.4993889164
0.5016997975
0.4315327381
0.4174512987
0.4273784722
0.5357642471
0.4039068011
0.4501845401
0.6199330550
0.4439752811
0.4441154101
0.5140697751
0.5173778388
0.4523317173
0.4460634369
0.6065850358
0.4499100529
0.6181695892
0.5317469193
0.5683701642
0.4898266251
0.5636557540
0.6020786092
0.6802876984
0.3983776255
0.5299309397
0.4626388221
0.3994265572
0.5708396518
0.5076906966
0.5299602137
0.4600173289
0.4222177880
0.6667627728
0.4305036547
0.3658060516
