100
1 42
3217 3227 3230 3232 617 613 608 599 616 618 3836 3832 3830 3816 3788 4708 3445 3429 3438 3439 3441 3443 3204 3196 3213 3216 3221 293 288 280 295 3113 3099 1744 3302 3304 3305 3089 3087 3090 3094 3097
5 7
2522 1194 1350 1360 556 558 4397
2504 1177 4538 565 552 570 4394
2514 1186 4548 446 554 1692 4377
436 432 427 426 1694 1674 1687
438 2642 2636 427 4454 4438 4442
7 1
3768
3753
3764
2396
2395
2394
2382
2 6
1202 194 466 3159 2797 997
4262 377 1540 2749 4021 2372
29 3
4736 4733 4717
4740 4736 4725
3249 3248 3250
3244 3243 3235
2431 2418 3242
1326 2435 3245
1325 1344 1345
1329 1345 4159
4761 4156 4154
4759 4156 4152
4756 4754 4135
4755 4753 1813
4756 4768 1625
3952 1626 1612
3948 3691 1621
3945 3687 3766
3957 3692 3782
2289 583 576
2288 573 574
2283 4541 4549
2287 4543 2504
2508 2499 2503
2504 2486 2488
2508 2506 2510
4800 4799 2513
3101 4780 4796
3083 3099 415
3101 407 410
1390 409 415
1 9
1666 3554 3704 4674 1490 2472 2372 1504 2769
5 5
10 7 0 18 17
7 8 15 13 15
0 15 30 15 0
19 17 15 15 19
24 11 0 9 12
5 21
3489 2982 2962 2976 2980 2457 798 793 5010 5011 5006 5009 3572 3577 3580 1153 1152 1529 3602 3597 3585
3485 3472 687 2955 2961 2454 2459 789 5005 4991 5004 3575 3557 3575 3579 1151 1150 1527 2703 2701 2699
3480 3467 3476 2961 2449 2436 2438 787 777 4999 4351 4339 3572 3577 1150 1148 1149 1522 1515 2722 2718
575 3482 3477 2965 2451 2449 2442 4964 792 4980 336 333 321 325 1150 1147 1157 1518 1511 1520 2722
590 594 597 602 4968 4967 4962 4961 4970 4975 335 319 320 323 1159 1156 1161 1520 1531 3871 3889
2 9
1552 1553 2918 4723 1844 3332 3347 2883 3457
1558 4675 2908 3705 3694 3699 2886 2868 3439
100 100
74 72 74 78 80 72 68 65 69 74 65 67 84 79 75 74 70 69 66 64 66 69 54 53 60 57 52 49 53 57 62 66 57 55 56 47 50 55 60 43 39 41 44 42 38 31 39 42 47 44 46 48 50 55 56 61 66 51 48 47 45 42 38 35 34 33 32 28 24 20 15 10 5 5 8 10 14 16 19 23 49 45 44 40 35 36 25 23 21 18 23 29 29 30 32 33 35 39 66 71
72 67 70 66 75 67 65 63 58 57 61 67 69 89 79 79 74 69 66 63 59 59 51 50 48 55 51 48 49 39 39 41 55 51 45 44 48 51 38 34 38 40 43 40 35 29 34 37 38 41 45 47 52 54 59 60 62 51 46 42 40 39 37 34 32 30 28 25 28 13 10 9 1 4 5 14 17 18 21 25 26 43 35 34 33 37 39 28 19 15 19 26 27 31 33 54 58 61 61 66
63 62 64 65 71 66 64 58 54 55 59 62 66 85 81 76 71 68 65 62 56 54 48 47 44 42 40 43 45 35 38 39 49 47 45 40 42 37 36 31 35 36 16 36 32 27 29 32 35 36 41 52 56 55 56 57 58 60 61 44 42 44 42 31 30 26 25 24 21 17 12 12 19 9 18 16 20 23 23 29 44 41 34 33 28 24 21 15 13 13 17 22 24 47 52 53 57 58 59 61
64 61 66 61 67 62 61 58 53 51 56 87 80 81 75 74 66 63 62 58 55 51 48 46 43 41 36 40 43 32 34 36 50 46 44 39 36 34 27 30 33 23 15 18 25 23 26 29 30 40 44 54 60 57 57 58 63 60 59 57 55 51 45 35 31 29 26 25 26 21 13 15 18 22 26 20 33 28 33 39 38 37 28 27 24 20 20 14 9 8 12 16 21 44 47 50 54 59 62 65
65 60 62 58 55 54 49 55 52 46 49 82 78 76 74 71 69 67 60 55 54 49 45 42 41 34 31 32 24 29 34 38 42 49 39 35 34 29 25 25 20 19 14 16 11 22 27 32 35 37 42 53 56 61 61 66 68 62 63 61 52 48 44 39 35 31 28 26 27 23 15 16 21 26 29 32 37 33 37 38 36 34 25 23 19 17 16 19 9 5 8 12 17 41 46 47 50 55 58 59
60 59 64 53 50 46 44 48 51 41 43 45 75 75 80 79 76 71 60 59 59 54 32 42 39 34 29 32 20 23 18 21 50 45 42 40 39 28 23 21 19 15 13 12 7 19 22 33 34 36 39 50 54 56 59 60 65 69 64 65 53 50 46 45 40 32 29 34 37 26 17 21 24 30 33 35 38 36 41 36 33 32 30 26 21 15 11 6 5 4 7 19 22 40 43 44 48 52 55 58
63 58 57 51 48 44 42 47 48 36 47 49 73 72 65 81 80 50 68 63 60 33 31 35 34 32 27 29 18 21 17 20 23 47 45 42 46 49 26 24 24 13 8 7 2 1 17 37 38 41 42 47 51 54 58 60 65 67 70 67 66 51 51 44 41 42 31 38 42 23 19 22 24 35 37 42 44 40 44 43 41 37 32 29 26 7 6 5 2 1 12 14 17 38 39 43 46 48 61 66
62 57 55 51 47 40 38 35 38 35 45 45 46 70 62 60 48 46 41 40 39 32 29 28 26 24 22 20 13 17 15 18 21 23 50 46 49 51 29 28 18 17 13 10 6 21 26 31 34 45 48 51 61 66 62 73 78 69 67 66 63 59 56 43 42 45 48 43 48 24 22 24 25 30 41 44 46 66 65 60 42 39 18 13 9 8 7 6 5 19 24 26 31 35 37 48 50 54 60 61
55 54 51 46 43 39 34 31 36 33 41 43 44 65 60 59 60 56 42 38 37 32 31 33 29 22 19 17 0 11 12 16 18 20 22 47 51 26 23 22 21 18 13 11 9 25 28 30 36 50 49 52 56 61 65 69 71 72 69 68 68 64 60 51 47 48 53 48 50 55 26 29 30 34 46 46 67 63 60 55 53 50 18 15 11 11 9 11 10 23 28 31 33 38 43 44 49 53 55 59
57 54 49 51 39 34 28 29 34 31 38 39 34 63 59 57 55 54 49 44 41 34 40 37 33 23 20 20 4 6 16 20 20 24 44 43 39 37 32 27 26 20 17 15 28 27 30 45 46 54 53 56 57 59 66 71 72 77 82 83 69 67 63 53 49 52 51 50 54 36 33 32 33 38 40 68 62 60 55 52 50 45 38 36 32 27 24 12 11 12 16 40 37 42 47 51 53 54 59 62
56 53 48 44 35 30 26 24 25 28 33 37 30 34 39 59 60 57 60 58 52 50 38 36 32 27 23 21 8 7 10 25 26 31 52 47 42 39 35 31 32 37 20 16 29 32 36 41 46 58 56 61 62 63 65 68 72 81 82 84 76 71 68 56 51 54 52 51 46 37 35 34 45 41 39 64 59 58 53 48 46 41 36 31 28 26 22 18 14 19 21 25 39 47 48 48 56 58 64 68
53 49 46 43 35 29 26 22 16 31 35 24 26 38 38 46 65 61 58 56 51 47 46 41 34 32 27 24 25 12 15 26 27 29 54 52 45 41 38 36 34 23 21 18 31 33 34 45 46 52 58 68 66 67 69 73 76 78 79 88 82 72 69 55 52 59 61 48 43 41 39 47 43 38 38 36 60 56 52 51 48 46 40 33 29 28 25 19 19 22 27 30 33 34 36 47 51 52 57 69
42 40 40 38 33 36 18 17 11 16 20 22 23 34 33 43 44 39 56 55 54 51 47 45 35 35 30 27 32 13 16 29 28 31 57 55 51 48 43 39 41 28 22 21 35 37 39 41 44 49 51 69 70 69 78 74 78 79 88 86 81 79 77 59 55 56 66 61 58 53 48 44 38 36 35 31 29 36 56 54 51 52 42 37 36 31 32 21 24 26 29 34 38 38 39 42 47 49 54 58
40 36 34 32 28 27 17 13 9 12 17 21 22 30 31 38 36 38 39 57 56 55 50 46 48 40 35 31 36 37 19 21 30 35 59 58 50 45 44 42 32 28 25 26 36 40 41 44 46 52 53 64 73 70 82 77 78 81 86 84 80 75 72 67 60 57 54 53 52 49 41 39 37 36 31 30 28 31 34 55 55 57 47 43 38 32 35 38 27 32 30 33 40 41 40 47 48 50 53 57
41 39 37 31 27 24 19 10 6 9 14 19 24 26 29 33 33 34 39 60 61 58 51 48 49 54 37 33 37 41 48 51 55 69 63 50 48 46 45 46 47 29 30 31 35 50 45 48 52 53 58 62 63 74 84 79 81 83 88 79 75 70 70 64 61 54 55 47 50 46 40 37 36 31 29 26 25 27 35 34 36 41 48 45 43 38 36 40 43 37 32 33 35 39 41 42 44 47 49 50
43 31 29 24 24 22 18 13 4 5 18 19 21 25 28 29 31 35 58 57 53 52 51 49 51 45 43 38 41 43 44 47 51 65 61 57 53 49 49 50 49 51 31 35 39 41 48 50 53 54 57 61 65 67 81 80 86 88 86 73 72 69 65 60 58 53 54 44 45 43 34 38 28 26 25 21 20 31 30 31 34 38 42 45 44 41 40 45 42 37 36 37 41 43 47 48 50 50 50 55
28 26 24 19 16 14 11 8 3 6 19 23 26 26 32 36 39 49 53 57 68 61 56 51 52 47 44 42 44 44 46 48 52 69 65 60 55 52 53 52 50 53 34 38 41 43 51 56 55 58 61 65 70 109 85 84 91 87 82 80 71 67 64 59 54 51 46 43 41 39 33 29 26 23 19 18 16 30 29 30 31 33 37 43 45 46 41 47 45 39 41 38 44 46 49 52 53 64 53 60
31 28 26 23 19 16 15 24 1 5 20 26 31 31 35 40 43 47 48 52 63 62 57 54 54 48 45 44 46 50 53 51 66 69 70 60 59 55 56 57 42 41 37 40 41 48 56 60 56 63 64 67 106 104 101 90 85 83 79 77 73 69 58 56 53 50 40 39 37 35 30 26 21 14 12 3 15 23 24 28 29 30 35 39 40 42 43 48 43 42 44 52 49 50 51 55 60 61 63 64
40 32 33 31 26 24 22 20 0 9 14 19 34 34 35 41 46 51 56 57 64 65 60 55 56 51 49 46 47 53 57 59 64 69 74 68 64 60 58 61 44 43 38 40 43 53 61 63 65 67 67 69 111 98 96 93 90 86 84 77 75 74 59 60 48 45 41 34 29 28 25 23 18 13 8 1 14 18 22 25 27 32 33 38 43 47 51 50 46 44 47 53 53 55 55 60 62 63 64 69
35 30 25 24 23 20 15 12 11 12 17 21 22 38 41 42 43 55 58 60 62 65 64 67 70 58 55 51 56 55 59 62 63 65 69 66 65 63 62 62 49 46 39 45 48 53 58 64 66 71 68 71 98 94 92 91 86 91 84 82 77 52 49 46 43 42 38 34 32 30 26 28 20 19 14 12 13 21 23 28 33 38 39 43 47 49 57 54 47 45 52 56 57 58 56 62 63 65 69 73
35 32 28 27 22 17 16 14 15 16 22 26 27 42 44 45 46 62 59 60 64 67 70 70 62 59 55 54 56 69 64 65 64 66 71 72 69 74 65 63 66 45 40 45 47 50 55 56 57 74 72 74 79 102 95 90 85 90 87 83 81 66 67 53 48 45 43 40 35 32 30 29 26 21 19 14 19 23 27 29 30 33 38 39 50 54 54 57 59 56 55 60 64 65 60 65 68 70 74 76
35 33 36 29 47 20 17 15 18 20 22 30 50 46 47 52 57 66 63 63 68 72 73 77 79 60 58 55 60 72 69 71 67 71 73 76 71 76 66 66 52 47 43 46 51 52 53 64 67 78 103 100 100 97 88 86 82 88 84 72 70 64 64 51 49 47 47 40 36 33 38 32 29 26 27 18 21 24 29 32 33 34 39 43 44 49 50 67 64 60 59 62 69 72 63 69 69 73 78 80
39 36 50 49 46 27 26 22 23 25 28 33 51 49 51 54 62 63 65 70 69 74 75 90 92 98 103 106 77 73 71 74 79 74 75 78 72 79 83 71 65 60 56 51 54 55 57 60 64 102 100 96 96 92 86 82 80 84 79 69 68 63 60 57 52 50 54 46 45 34 41 31 33 30 23 26 23 34 33 35 36 39 41 42 49 61 62 67 67 62 62 71 74 78 82 75 71 78 83 83
58 40 48 43 42 45 22 19 23 24 25 26 59 55 52 55 59 63 66 73 75 76 81 86 90 95 99 104 107 75 73 75 84 76 78 83 88 83 74 69 66 64 60 53 56 57 60 61 66 99 94 93 89 90 90 84 76 72 75 76 68 66 63 58 55 51 45 44 43 35 33 27 28 19 21 25 24 38 38 37 41 46 45 48 54 57 61 65 70 65 67 68 72 79 78 77 73 78 82 87
53 51 47 44 41 39 16 14 18 19 19 22 35 57 43 60 64 67 81 77 79 77 82 90 94 100 104 107 108 77 74 78 81 79 79 85 90 76 75 70 68 69 62 57 57 59 63 63 73 98 93 88 86 85 85 80 74 71 70 73 74 69 86 59 57 47 43 40 38 33 28 23 19 15 17 20 23 46 42 48 45 48 49 53 52 55 58 62 66 68 70 70 73 96 91 80 75 78 87 90
50 48 46 41 37 35 15 12 16 21 15 20 32 38 38 42 65 87 84 82 84 95 84 91 97 102 104 112 113 78 76 81 83 80 83 86 93 88 77 73 71 71 67 72 59 63 64 66 69 72 96 88 85 81 79 76 76 71 69 70 73 86 84 86 87 48 43 41 30 23 23 20 12 11 13 14 15 17 27 49 48 51 50 51 48 53 58 62 64 67 67 69 71 76 89 84 79 81 83 84
49 45 41 39 34 33 13 8 10 12 14 27 28 33 36 37 39 44 87 84 85 90 92 99 98 100 93 92 81 79 78 84 87 84 94 92 89 84 89 76 67 69 68 76 79 81 68 69 89 86 81 84 86 82 76 75 71 71 65 70 75 75 82 81 83 88 46 31 26 22 21 19 14 9 14 13 15 21 26 27 53 36 37 42 47 49 54 59 61 66 65 70 74 81 79 86 82 84 84 88
46 43 38 34 33 28 19 4 5 10 15 24 26 28 33 36 52 58 63 68 69 72 93 98 100 87 88 91 98 84 83 98 97 93 88 85 84 82 86 64 62 67 71 80 81 84 89 88 87 84 80 81 72 70 68 69 67 66 63 66 71 71 76 77 80 46 42 36 28 26 23 17 13 6 5 10 15 18 23 28 31 34 36 39 44 49 50 51 54 55 60 62 66 80 78 78 81 84 112 117
50 46 32 30 27 23 18 2 6 9 14 19 24 25 37 44 47 54 59 63 67 69 74 75 78 82 84 95 94 87 87 99 98 97 72 76 82 77 79 59 57 63 64 83 84 86 59 89 84 81 76 76 71 68 63 63 64 63 61 64 68 70 71 75 78 42 40 35 33 31 28 14 9 5 4 7 12 17 20 24 26 29 32 37 44 46 47 51 58 54 59 64 65 78 73 75 78 80 110 114
55 56 34 34 21 18 13 0 4 7 11 20 25 28 42 43 46 51 53 68 62 69 68 78 81 84 88 93 90 85 90 90 100 69 69 73 74 72 73 60 55 62 66 88 93 50 57 58 81 77 73 72 65 63 62 58 64 62 59 62 64 71 72 77 81 41 38 37 32 27 25 23 13 8 3 5 8 14 18 23 30 30 35 41 40 43 46 54 53 50 59 60 63 67 72 73 101 110 105 109
56 57 62 22 21 19 16 11 14 15 17 22 29 32 37 41 44 47 48 58 60 64 67 68 73 87 92 93 83 80 82 86 71 68 66 77 73 70 68 73 53 58 60 45 50 47 53 54 82 78 72 69 64 62 59 54 56 50 56 60 63 66 71 76 52 50 47 43 27 25 23 18 14 10 0 4 6 10 11 12 34 33 28 35 38 33 44 49 51 48 55 56 58 66 67 70 96 101 100 99
57 61 34 31 26 22 21 14 18 17 22 23 26 29 42 43 47 48 52 54 56 61 65 68 72 76 94 87 81 77 75 71 65 65 62 76 71 71 66 70 52 44 50 44 42 46 48 52 82 78 76 72 71 60 57 53 51 46 52 53 64 45 45 50 53 45 43 42 24 22 20 16 13 11 7 9 12 14 18 20 32 30 27 32 33 32 39 44 46 47 51 54 59 63 66 71 91 83 98 94
58 35 30 28 27 26 30 23 22 24 26 31 31 36 58 57 59 53 55 59 57 61 64 67 75 79 84 82 79 76 72 67 61 60 57 62 67 62 61 52 50 43 47 43 40 44 44 47 80 76 72 67 66 62 60 57 47 43 48 52 35 40 41 45 47 43 46 41 36 21 20 17 16 16 11 10 12 17 21 26 35 30 25 28 28 29 36 40 44 44 49 50 57 60 62 67 86 81 83 89
48 46 42 40 28 28 31 26 25 29 29 32 37 54 55 56 60 58 63 60 62 67 67 80 86 91 81 77 76 71 68 63 59 57 52 56 64 59 58 50 47 41 46 41 37 35 41 45 84 70 68 67 64 60 58 55 44 41 44 47 34 36 39 42 42 41 41 36 33 26 23 21 18 17 19 15 20 22 30 25 23 27 24 23 24 28 32 37 40 43 44 49 52 57 61 79 83 79 80 85
49 48 45 39 36 34 29 27 29 34 34 39 43 50 54 57 63 68 72 64 64 69 74 79 84 86 91 82 77 76 72 56 55 53 50 50 54 57 57 46 43 38 43 30 33 32 39 40 43 67 63 61 69 59 54 52 41 40 42 39 31 30 31 32 43 40 38 33 30 28 27 22 20 18 22 19 24 34 28 27 22 23 20 22 25 30 25 30 32 48 48 53 54 62 80 76 79 78 83 83
44 43 41 38 37 38 32 28 31 36 39 42 44 48 52 54 56 73 74 77 67 74 77 84 87 90 93 86 81 80 82 60 59 48 47 45 49 53 55 56 35 34 25 27 28 29 36 36 37 42 60 58 57 53 52 47 42 37 36 35 26 27 29 34 29 42 36 34 33 33 28 23 24 19 25 23 24 31 27 25 20 15 1 15 19 21 22 27 36 39 51 52 55 74 73 72 70 75 79 78
59 56 53 48 45 40 37 37 35 36 40 44 46 51 54 55 56 59 63 68 73 75 95 97 99 91 66 61 60 71 74 61 50 47 45 42 47 52 54 37 34 29 24 23 23 28 32 33 36 66 63 61 57 56 53 50 37 36 35 30 21 23 24 26 28 32 39 35 39 38 31 27 23 22 28 24 25 35 32 25 24 20 9 19 22 27 28 31 35 38 56 56 60 81 75 70 68 70 83 76
62 59 58 50 49 41 38 41 40 40 51 47 49 54 56 57 59 64 67 69 71 72 91 96 67 63 62 62 59 68 69 52 48 44 42 39 41 46 30 35 19 28 23 18 20 22 23 26 30 37 39 45 40 32 31 55 57 41 30 26 18 18 23 24 27 30 40 38 43 43 35 34 25 24 26 25 27 32 32 30 28 22 24 21 24 31 34 37 51 62 61 64 81 76 74 68 63 67 78 74
63 61 59 49 47 46 39 44 47 48 50 49 52 56 57 62 63 67 71 72 75 86 89 92 66 62 59 57 58 63 68 43 42 41 39 37 33 37 28 30 15 10 14 13 15 27 22 25 30 34 37 40 36 31 30 30 28 26 19 21 15 16 18 21 25 42 39 40 48 48 37 33 38 42 35 30 33 34 38 35 33 23 24 22 25 35 39 44 48 53 58 62 76 74 69 67 62 67 64 70
66 62 61 62 52 47 50 49 49 54 59 53 57 60 61 66 67 70 73 75 79 81 84 85 63 58 57 56 54 59 61 39 40 41 36 33 28 20 25 29 14 9 10 11 13 19 18 23 27 31 35 41 33 30 29 28 24 23 18 1 10 12 21 30 43 39 38 39 24 39 35 31 34 38 41 32 34 35 44 39 28 25 26 25 30 39 43 48 49 52 57 52 54 69 63 59 57 62 63 66
68 63 64 63 66 50 51 50 54 58 61 66 60 64 66 71 76 72 80 79 82 82 87 89 68 63 59 55 52 50 47 38 37 37 35 29 26 19 21 24 13 6 22 12 21 19 17 22 31 34 37 57 56 43 42 38 27 24 23 7 13 17 20 25 28 38 37 34 23 21 21 27 29 43 38 37 39 47 45 40 44 30 27 30 33 42 45 51 50 55 49 47 46 64 62 61 56 56 60 65
70 67 66 64 71 65 60 55 59 63 67 70 62 65 68 74 79 84 83 82 84 86 89 66 65 60 56 51 49 46 46 41 35 33 30 26 22 18 17 12 9 3 18 6 11 14 12 17 22 60 59 55 51 39 36 34 30 26 28 19 15 20 25 29 34 36 34 33 20 20 19 25 22 24 45 42 44 46 46 44 47 52 29 31 35 46 48 57 52 58 44 43 45 51 47 44 51 53 57 61
75 70 71 65 71 67 63 57 62 66 69 74 78 70 69 72 77 79 81 82 86 90 95 69 68 52 48 46 45 42 41 40 35 31 27 25 22 17 12 9 6 1 0 4 7 10 11 14 16 57 56 51 46 44 41 36 34 27 25 20 17 22 34 30 31 33 33 29 17 15 18 20 21 23 25 27 32 36 36 46 50 70 67 34 40 65 63 58 54 49 45 42 40 48 46 42 47 52 62 52
80 74 79 68 77 72 65 60 67 68 71 75 76 76 72 73 79 84 86 85 87 95 98 72 70 55 51 50 46 44 45 43 40 31 28 27 23 18 16 13 18 15 11 12 16 19 16 19 21 61 57 55 51 48 43 38 43 46 28 24 19 25 35 33 21 17 17 25 21 14 13 15 18 19 24 26 28 31 35 36 57 68 63 65 68 62 59 55 52 47 43 43 38 46 43 39 43 45 53 48
82 75 77 75 74 70 66 69 70 69 74 76 81 79 77 82 87 87 89 89 91 94 96 91 56 55 53 65 61 60 58 54 50 45 42 28 25 21 23 22 19 16 15 17 20 23 25 50 55 63 64 59 55 49 44 39 44 49 31 29 28 25 25 19 17 13 13 19 17 0 10 14 15 16 26 31 36 49 38 48 52 57 59 63 66 69 54 50 47 43 38 36 35 35 32 35 37 38 39 46
83 76 80 79 76 73 68 72 74 81 78 81 84 82 79 80 89 88 91 92 96 97 92 89 87 57 70 67 62 61 60 57 43 42 40 31 26 22 27 23 22 21 27 22 25 36 39 47 50 61 60 55 53 49 45 44 48 31 31 27 28 23 22 19 6 9 11 15 9 7 12 13 14 19 21 26 28 44 45 46 51 52 55 60 62 65 55 53 48 46 41 35 33 35 31 33 35 39 38 41
90 85 84 79 76 75 80 75 79 85 82 85 85 85 82 85 90 95 96 95 99 92 87 86 85 86 76 72 67 62 47 45 41 39 36 34 29 33 30 28 23 33 30 25 27 32 37 42 46 63 64 59 54 51 47 40 34 30 26 25 22 21 19 18 2 7 11 32 13 10 17 14 19 22 24 25 40 40 43 45 46 47 51 56 66 68 37 33 53 26 27 23 31 27 26 31 31 34 35 36
94 89 86 83 80 78 81 79 80 89 87 89 94 90 86 90 94 95 103 99 94 93 88 85 80 74 71 75 62 61 60 56 54 37 33 32 31 32 35 55 50 39 34 30 34 36 40 41 55 58 64 60 59 62 38 35 33 29 28 27 26 19 17 14 1 20 31 30 34 15 21 19 23 34 29 33 38 39 40 45 48 50 64 68 74 72 32 31 27 24 23 22 18 22 21 28 28 29 30 38
117 90 88 84 81 79 82 81 97 94 91 91 96 91 93 99 95 105 100 96 93 90 85 80 76 69 68 68 63 59 62 51 49 41 39 34 36 41 52 48 45 42 38 34 39 41 44 47 50 53 56 65 64 43 41 39 34 32 32 33 28 25 24 22 20 25 27 29 30 31 32 21 28 33 30 38 42 43 41 44 49 60 62 66 69 70 35 30 28 27 28 17 13 21 16 26 24 28 29 31
113 109 103 104 101 96 89 86 88 87 98 97 93 87 90 88 98 102 101 99 94 79 77 75 72 68 65 64 63 58 57 52 47 46 43 37 40 44 56 55 50 45 43 38 43 48 46 50 54 58 59 67 65 48 45 44 38 39 44 42 38 34 29 25 24 27 30 31 31 29 26 21 24 28 36 42 43 49 44 46 53 57 60 65 68 50 43 42 30 25 19 11 10 14 12 18 19 20 33 34
109 105 100 101 97 93 86 82 87 83 86 92 88 86 88 84 87 80 81 100 106 87 82 79 73 70 68 65 66 64 62 59 54 50 48 53 41 46 49 52 49 48 44 42 47 50 51 52 64 61 74 71 70 72 46 45 43 52 49 41 38 37 31 26 25 28 34 39 29 25 22 20 22 26 31 36 42 46 46 48 52 54 55 70 72 46 41 39 24 23 17 17 8 5 10 14 16 17 21 39
107 102 99 97 94 91 85 81 82 79 85 89 85 83 79 82 86 77 80 82 104 101 98 95 76 74 71 72 71 68 67 62 59 54 53 57 43 51 63 59 54 50 53 47 52 54 56 58 68 62 85 76 74 79 52 47 51 55 50 40 39 38 39 31 27 29 38 43 15 30 16 15 20 24 30 36 39 41 44 51 55 57 56 49 53 44 39 35 23 19 14 13 0 4 7 11 21 18 22 23
103 107 114 92 90 86 83 79 77 78 80 82 81 78 76 76 75 76 80 107 106 104 94 92 89 87 84 81 82 78 72 67 64 55 58 62 71 68 64 64 57 52 56 52 54 56 61 66 68 83 82 77 75 79 56 52 54 57 53 47 43 43 40 35 32 31 24 17 14 7 1 12 16 21 26 35 37 40 45 48 56 39 49 44 45 37 35 30 26 21 18 15 12 5 9 10 15 22 27 25
101 105 110 96 92 84 82 78 73 76 82 79 78 76 74 73 74 75 81 86 107 106 96 94 89 85 81 78 77 76 74 72 66 57 59 65 78 73 62 60 56 54 58 57 61 61 65 67 70 86 83 80 80 82 56 54 59 60 60 56 52 47 43 27 25 24 19 14 11 6 2 13 21 24 28 31 36 38 43 45 47 36 38 39 38 36 34 31 26 24 23 25 13 15 12 14 18 22 31 29
100 103 107 91 90 85 73 66 68 73 77 69 78 76 69 71 74 79 80 78 85 105 100 98 99 88 84 83 82 78 79 75 68 58 60 83 79 77 70 61 62 58 59 59 61 65 66 70 73 91 86 83 82 86 60 58 101 61 60 59 55 49 48 29 27 27 19 15 14 7 5 10 22 29 30 35 39 43 48 28 32 34 36 38 34 35 29 38 34 30 28 34 38 42 13 46 51 55 53 32
96 97 93 89 80 81 70 65 66 71 69 68 76 71 67 66 71 75 75 77 82 83 102 97 94 91 87 92 82 79 80 76 71 73 63 84 73 72 68 65 64 59 61 62 71 66 70 72 76 89 88 84 87 91 92 94 96 100 61 56 54 51 50 32 31 28 21 20 17 12 10 13 25 27 32 35 40 31 29 26 28 23 30 36 31 30 28 31 27 37 35 31 33 38 42 44 49 54 49 54
94 95 89 84 75 78 65 62 62 67 68 63 59 65 68 63 68 72 74 75 77 111 106 102 98 95 91 89 88 83 82 78 76 80 81 86 77 73 71 70 68 67 65 75 73 69 75 76 80 91 89 90 97 94 95 100 98 101 65 60 59 55 54 37 34 33 26 25 18 14 12 17 19 22 37 38 40 29 28 25 23 20 25 22 28 28 24 28 22 34 31 27 30 33 37 43 46 48 48 52
93 90 84 79 74 75 62 60 61 65 67 68 56 60 58 60 62 65 75 77 81 85 111 104 103 104 119 126 92 84 86 82 78 85 89 91 80 76 72 72 70 71 82 81 77 73 76 81 85 95 92 96 98 96 97 101 103 71 68 61 60 60 57 52 53 48 46 41 36 31 26 21 23 24 42 47 39 35 30 27 21 16 23 20 23 27 23 22 19 29 25 23 24 29 34 38 40 44 46 48
88 86 78 78 71 66 60 59 59 61 70 60 54 61 56 57 61 63 66 68 73 78 80 111 108 112 117 122 126 99 94 92 90 88 90 93 95 75 73 76 75 75 87 86 82 83 84 87 88 101 96 99 99 103 99 104 72 69 66 63 62 61 55 50 49 47 45 42 37 32 28 22 24 26 44 50 36 31 28 26 28 14 18 16 21 24 22 20 18 22 21 20 18 31 29 34 37 39 44 46
85 81 76 73 69 64 59 56 57 60 60 56 52 50 53 58 60 62 65 73 65 70 74 112 112 116 121 123 126 115 111 106 97 93 97 99 104 76 76 81 63 64 91 88 87 85 86 88 106 103 101 102 107 106 103 107 76 73 68 67 66 64 66 55 54 51 51 47 35 34 33 38 26 28 42 37 32 29 25 25 23 9 5 11 12 17 26 19 15 12 8 19 15 19 25 28 33 34 47 52
79 78 80 75 73 69 57 54 57 60 63 50 48 46 49 50 54 65 63 68 64 66 70 71 114 118 125 127 128 112 107 102 100 97 100 105 68 71 59 63 59 60 65 95 91 87 92 89 106 104 108 104 107 105 104 106 77 75 73 74 70 67 67 56 59 58 55 51 41 37 38 42 28 32 47 28 27 25 24 23 18 0 2 6 7 11 24 27 9 7 5 0 12 17 22 25 28 29 34 53
78 73 74 67 64 61 54 52 55 57 60 47 43 44 47 49 52 55 59 64 63 65 67 68 70 119 129 132 132 114 112 103 105 99 105 70 66 67 58 59 54 56 61 67 95 89 94 96 114 109 114 105 107 110 106 82 80 83 82 79 75 70 71 75 71 60 59 53 41 40 47 44 32 62 39 37 30 26 26 24 3 1 4 10 15 16 19 26 21 18 15 10 13 20 27 30 32 31 34 48
75 72 70 64 60 56 51 47 40 37 39 41 42 40 44 48 49 59 55 56 60 61 63 69 74 78 71 133 121 118 117 76 73 71 69 68 63 62 57 58 51 55 60 64 52 53 58 97 58 113 116 106 65 112 87 86 84 91 86 84 77 80 73 72 70 65 60 55 43 42 52 46 62 60 38 34 31 29 28 9 4 5 9 14 19 19 24 22 18 14 13 11 15 22 27 30 32 35 39 43
71 69 66 62 53 52 47 42 39 34 38 38 40 36 41 43 47 58 53 54 56 58 61 56 57 61 66 65 125 122 122 76 74 74 73 69 59 57 56 54 50 48 50 52 49 54 57 49 53 58 62 59 61 102 98 94 93 92 90 84 82 86 76 73 75 68 61 56 64 59 54 49 58 57 50 40 36 31 16 13 7 14 13 14 20 23 27 23 20 19 16 14 19 25 32 33 36 40 42 45
66 64 62 59 52 55 52 39 37 32 34 34 31 35 39 42 43 54 52 53 59 61 63 54 57 58 62 63 64 123 125 78 75 79 78 66 63 60 57 47 46 44 48 50 44 47 52 47 51 46 60 57 58 61 60 99 94 93 94 87 85 89 79 77 76 73 66 67 66 64 66 54 53 52 48 44 39 34 37 18 19 18 14 15 19 28 31 29 24 25 20 17 21 47 43 41 40 42 44 49
64 59 57 55 51 54 42 38 35 30 27 31 29 30 36 39 43 52 48 49 58 59 61 49 54 57 54 64 66 125 129 73 85 86 73 71 67 63 47 46 42 39 38 40 42 44 41 43 47 45 48 54 62 58 56 60 95 97 94 89 94 91 96 82 80 74 80 76 71 69 65 62 58 54 54 49 42 39 42 23 21 21 17 22 25 30 36 31 28 29 24 27 30 32 47 43 43 46 48 52
56 55 54 51 46 51 34 40 30 26 23 27 25 27 32 34 38 43 44 48 53 56 58 44 46 48 52 58 60 73 68 69 83 81 83 69 65 61 57 43 40 35 33 36 41 46 37 39 42 44 48 50 57 54 55 61 64 68 73 90 77 92 91 87 83 86 88 84 84 83 67 65 59 62 58 50 52 42 31 26 24 25 18 26 31 32 39 34 33 31 29 33 40 42 51 33 46 50 51 60
54 52 50 47 45 49 33 30 25 21 19 23 24 29 31 33 37 40 43 47 51 56 38 39 40 46 50 57 56 58 63 91 77 76 68 65 63 58 56 56 43 34 32 27 29 29 34 36 40 44 53 57 56 49 56 59 63 63 67 68 75 93 92 90 88 88 84 83 82 78 77 76 71 66 62 66 70 71 33 29 25 26 29 31 36 34 41 40 39 35 34 35 37 41 45 29 30 53 54 56
53 49 44 43 40 36 31 29 34 15 14 19 28 31 35 38 39 43 48 25 30 27 33 37 42 44 49 53 55 58 62 87 73 71 64 63 61 58 51 51 47 42 27 25 25 27 29 33 35 38 49 44 52 48 53 54 56 60 63 67 71 72 106 102 95 90 94 87 87 87 86 83 74 69 65 71 73 75 37 30 30 27 28 36 41 37 48 43 42 38 35 36 37 42 45 24 23 24 20 21
54 53 49 39 36 31 32 24 15 12 0 2 4 5 8 10 12 13 19 24 25 26 28 32 37 41 45 49 58 60 87 85 70 68 63 62 60 56 49 45 42 37 42 24 20 23 24 26 30 49 45 42 46 45 49 54 59 62 66 69 148 145 102 99 94 93 112 96 91 85 84 79 77 74 79 76 75 80 81 34 35 28 30 37 42 53 48 44 42 41 46 39 40 43 22 21 22 23 15 17
58 54 33 31 30 29 27 23 20 17 5 6 6 6 7 8 16 17 18 20 23 31 33 37 40 44 48 57 58 89 85 81 86 48 61 58 56 51 47 45 40 34 38 21 19 26 30 32 35 44 43 40 45 44 46 49 54 58 62 149 145 143 138 133 129 112 111 97 95 89 87 84 80 76 77 82 77 81 41 36 34 30 35 39 43 50 49 47 45 44 48 41 38 37 25 20 13 10 11 12
38 36 35 34 31 34 30 27 24 18 23 27 14 9 12 15 19 21 20 25 28 29 38 43 47 49 50 53 68 86 80 78 51 47 53 50 46 44 42 40 36 33 33 19 18 25 27 25 29 39 38 37 39 43 46 47 51 55 60 64 150 144 139 128 127 109 106 95 93 91 90 90 85 77 80 81 80 81 45 38 36 32 35 40 71 63 53 52 50 48 36 34 33 33 21 16 11 7 10 30
46 44 43 39 39 35 32 30 25 21 26 28 17 12 14 19 37 26 23 25 31 32 37 42 50 54 59 62 66 82 77 75 73 45 41 38 36 43 40 38 33 29 30 34 16 20 24 23 27 35 33 35 36 41 42 45 53 55 57 62 67 125 125 127 122 110 105 104 99 96 95 94 86 80 85 86 81 86 90 42 37 33 39 41 68 59 55 53 55 39 35 32 31 28 27 14 9 4 9 29
59 47 46 42 45 40 36 31 29 26 27 28 29 16 16 35 32 27 24 26 28 37 41 43 47 49 53 54 82 78 80 75 70 41 39 36 35 41 37 36 29 28 28 33 14 15 20 21 23 28 31 34 35 40 41 56 55 58 58 65 129 124 121 119 118 118 111 107 104 98 97 97 87 90 94 97 83 90 95 75 70 63 61 57 63 57 53 44 42 40 36 28 25 23 22 19 19 0 9 26
55 54 51 48 46 42 41 38 34 30 31 29 34 37 49 54 33 32 27 28 30 31 46 45 52 57 54 83 78 76 68 64 65 38 35 30 31 27 35 31 29 26 24 28 13 13 17 19 22 24 26 29 40 45 49 52 53 104 108 126 122 121 120 117 115 114 113 108 106 100 100 95 90 91 96 101 103 106 74 69 65 61 59 56 61 51 50 44 45 41 36 34 29 21 19 14 12 10 15 24
58 56 52 55 46 43 43 41 39 39 34 30 35 40 44 45 50 31 28 32 34 37 41 47 57 60 57 59 78 73 67 62 64 36 31 29 28 24 23 26 29 25 21 15 10 12 14 17 19 23 25 39 38 45 49 52 56 100 106 107 109 124 122 119 117 117 116 111 109 113 105 97 94 94 98 104 106 111 70 66 62 58 55 53 58 47 45 41 42 46 40 38 31 22 21 22 18 13 18 22
65 61 57 58 48 47 44 48 46 44 39 32 36 39 48 46 55 60 29 34 39 42 62 65 70 78 74 75 73 70 62 60 53 29 27 25 24 23 22 21 22 21 19 14 5 7 10 12 13 26 29 34 36 41 45 48 53 98 102 105 108 107 124 122 125 122 120 115 111 118 109 98 101 98 99 82 81 79 72 67 66 54 50 49 50 47 43 39 35 32 35 36 39 36 35 25 21 17 19 26
68 64 62 77 81 51 48 54 50 47 42 37 38 40 50 54 59 60 32 39 44 55 58 83 88 73 70 67 64 66 60 57 52 55 38 34 25 23 22 20 18 14 9 1 4 7 11 13 15 17 33 38 73 46 79 84 90 93 97 98 105 103 104 127 130 126 141 145 112 121 108 107 106 99 80 78 77 76 73 71 63 54 50 47 46 43 38 36 32 28 33 34 14 34 33 28 26 25 22 24
73 68 73 74 78 52 60 60 55 50 43 41 40 41 46 51 56 61 66 44 45 50 55 81 83 71 68 66 62 62 60 56 51 41 38 33 29 28 26 21 19 24 20 17 9 11 13 17 58 60 37 69 71 75 78 81 86 89 93 95 100 102 106 129 132 136 138 142 143 117 112 110 108 105 103 107 80 77 76 61 58 57 55 51 50 48 41 40 31 27 28 27 13 24 37 32 29 29 27 12
74 71 77 76 81 62 58 56 55 52 55 43 41 44 48 49 57 62 67 47 47 55 78 77 70 68 67 66 61 58 49 49 46 40 43 38 31 26 23 22 27 25 24 21 24 28 18 56 55 58 63 65 67 71 82 85 87 90 94 100 101 105 110 115 117 140 140 147 121 117 115 115 107 102 102 105 88 83 81 63 60 62 47 58 54 46 42 38 28 26 29 23 8 23 25 18 15 13 14 10
76 79 78 79 72 67 62 61 56 56 48 46 45 47 49 50 60 64 77 76 80 84 76 73 68 71 63 60 55 53 45 48 41 38 33 36 33 30 26 26 32 32 29 22 28 30 39 56 52 54 59 62 66 69 70 71 75 95 73 80 83 85 90 91 95 111 115 117 119 114 113 108 103 101 99 94 90 89 88 82 84 48 45 54 49 45 40 37 28 24 24 22 4 22 24 15 13 12 7 0
77 81 79 84 75 72 63 66 58 60 54 51 49 51 51 53 63 77 75 75 78 82 71 67 64 63 58 57 50 48 43 42 34 33 28 34 33 28 29 29 41 35 32 58 63 39 37 53 48 40 61 66 71 72 72 76 71 73 72 76 79 83 86 88 89 107 108 110 117 116 107 106 107 98 96 93 88 86 84 81 82 47 43 41 40 42 39 35 23 21 20 19 1 19 23 22 17 20 18 16
82 83 86 86 80 103 105 66 61 62 58 53 54 59 62 67 81 75 73 70 71 73 70 67 62 60 57 52 51 46 39 38 41 29 25 26 24 25 27 31 37 38 63 55 60 40 35 39 43 38 42 67 76 53 62 68 66 68 70 72 84 87 92 97 99 104 108 113 115 112 108 104 103 97 95 93 85 81 78 77 45 43 41 40 38 37 34 33 30 26 21 22 9 23 26 23 19 23 19 19
84 84 87 90 99 99 104 107 66 64 62 62 58 63 66 69 79 74 71 68 70 69 71 68 61 62 56 51 45 44 38 33 38 26 20 25 22 21 22 26 35 34 59 54 58 38 34 36 40 36 38 39 51 50 61 63 64 67 73 76 80 85 91 93 93 101 102 105 117 105 104 102 99 94 90 88 82 79 77 72 77 71 43 54 43 41 39 30 29 28 29 26 13 31 40 24 23 36 25 24
87 85 90 92 96 97 100 102 103 67 67 66 62 66 70 76 72 71 69 64 66 65 67 62 60 54 50 49 45 42 34 32 24 21 17 11 20 18 18 35 30 33 49 49 44 34 29 31 33 32 36 38 44 45 58 60 69 72 68 71 76 93 88 88 91 97 97 105 111 111 107 102 101 97 89 85 81 80 76 71 73 66 56 51 49 44 44 32 31 30 34 27 29 30 35 40 35 32 27 26
88 86 92 97 100 102 105 104 104 90 89 89 86 78 76 73 68 73 61 60 61 62 65 61 56 51 50 45 42 41 46 27 25 16 12 10 15 13 17 31 27 32 48 44 39 31 27 26 31 29 32 41 41 42 55 58 65 69 65 66 72 75 83 86 90 92 95 102 107 108 109 105 102 101 85 80 77 75 71 70 68 64 59 61 58 47 37 33 35 33 35 30 33 34 40 44 39 35 30 31
91 91 97 102 107 106 108 105 109 87 86 80 82 77 71 67 64 59 59 57 61 57 53 52 49 48 47 42 36 37 26 25 24 27 10 7 10 12 15 27 23 28 40 38 34 30 25 25 21 26 31 36 40 47 54 55 61 65 64 69 70 75 78 81 84 87 94 97 98 102 113 108 105 88 87 85 79 79 75 73 64 59 57 56 53 47 43 38 41 35 37 35 37 36 43 46 47 39 35 32
95 93 100 103 106 110 112 107 93 89 84 79 77 74 70 62 61 57 55 52 56 53 48 49 43 46 40 37 35 32 27 22 19 18 15 6 7 10 13 23 19 24 35 34 31 26 22 20 16 21 24 40 45 46 51 55 60 61 62 63 66 71 75 80 82 86 90 91 99 101 116 115 110 103 88 87 80 71 66 65 64 62 62 53 50 45 44 42 43 39 38 36 41 46 47 49 52 39 36 35
106 105 101 105 110 115 116 94 86 84 82 86 71 67 66 61 64 56 52 49 55 45 44 46 42 44 47 43 40 37 21 18 15 13 10 0 8 15 14 23 18 12 17 36 34 27 24 15 0 1 6 43 50 51 54 57 64 62 63 64 65 70 75 83 86 89 92 94 95 100 105 118 104 99 90 86 81 73 77 75 67 63 65 54 53 46 48 44 46 42 42 39 45 49 51 54 50 46 44 39
108 106 102 109 112 117 94 90 86 82 80 81 71 66 61 60 56 51 50 47 51 42 39 44 37 39 48 46 42 38 25 21 16 15 12 4 13 14 28 26 13 10 12 27 31 24 19 16 18 6 10 12 52 56 58 60 66 63 65 67 68 73 76 77 82 92 93 96 97 101 103 101 101 97 95 90 89 86 76 73 69 64 67 59 55 58 52 48 52 55 48 44 45 54 59 46 45 43 42 41
113 108 104 112 115 94 91 86 84 79 77 82 68 67 62 58 53 50 47 45 42 38 35 31 35 36 49 47 43 40 23 22 20 18 21 25 14 23 22 21 19 0 17 26 33 36 35 20 19 7 12 13 14 19 60 61 69 67 71 72 69 76 80 81 93 97 96 101 99 101 98 96 94 92 91 86 84 83 82 78 67 66 69 62 57 61 53 52 57 59 50 46 62 59 62 47 47 44 46 43
114 111 109 111 113 94 89 85 80 76 72 65 64 70 54 56 53 48 45 42 39 34 32 30 32 34 30 28 46 41 26 24 27 20 26 29 30 39 35 26 21 18 19 24 28 32 33 36 15 12 14 18 20 21 62 66 71 68 73 77 81 81 83 88 89 90 100 105 110 114 103 98 102 99 96 89 95 91 86 82 74 71 72 65 60 63 55 54 59 61 54 48 64 60 55 52 54 47 48 46
118 116 111 114 95 91 87 86 83 69 67 63 61 57 53 51 50 45 42 44 41 36 30 29 30 32 25 23 27 26 31 26 31 32 28 33 34 35 32 27 22 19 22 29 30 31 32 34 37 13 17 22 25 25 64 68 75 72 77 79 85 85 84 88 91 94 95 98 101 117 107 100 101 100 97 92 95 92 88 83 75 73 75 69 65 66 62 59 64 66 69 73 62 61 56 57 58 49 49 50
120 120 116 89 75 73 69 68 67 64 63 62 57 51 48 48 46 42 41 39 44 28 27 26 25 28 24 22 22 24 29 35 33 35 32 34 36 38 33 28 29 24 37 33 34 37 34 38 40 14 21 26 29 27 66 69 80 76 81 82 85 87 86 89 95 96 97 101 105 117 122 117 111 101 99 102 100 96 92 86 78 76 78 73 70 71 66 63 68 70 72 76 65 62 58 64 62 64 66 53
121 124 88 86 82 79 76 72 65 63 62 58 53 50 45 44 43 39 40 38 36 27 22 21 23 27 32 17 19 21 26 27 35 40 42 37 41 39 35 29 31 29 40 36 36 39 41 46 56 62 65 67 85 89 93 73 84 89 93 84 90 90 87 89 100 101 101 102 107 116 120 115 110 107 103 106 104 96 95 100 84 80 81 76 75 77 67 65 69 74 74 79 68 64 73 71 66 67 68 73
122 127 90 90 80 75 71 70 69 68 64 63 54 52 48 41 39 38 36 33 32 26 21 1 9 10 12 16 21 26 29 28 47 43 46 40 44 41 38 39 34 31 43 38 39 40 42 47 52 57 62 65 80 81 85 86 88 94 99 101 94 93 88 90 94 104 105 107 108 112 116 120 112 112 107 107 105 110 98 97 94 91 87 83 80 81 86 68 73 78 82 80 73 74 73 72 69 70 72 76
125 104 94 91 79 76 78 75 71 76 71 68 58 53 52 43 39 37 34 29 27 22 18 16 19 12 17 17 25 28 31 33 34 44 48 49 48 47 43 42 35 36 47 39 42 44 45 51 54 59 64 65 75 80 84 87 90 95 97 110 96 92 89 92 96 104 110 109 112 114 117 121 116 113 110 110 106 108 103 102 97 94 89 84 83 86 91 69 78 80 86 81 75 75 74 73 77 74 74 78
103 99 94 89 86 85 82 81 77 74 73 70 63 60 55 45 41 38 35 33 32 23 20 19 22 14 19 20 22 23 28 32 34 48 52 50 50 52 46 44 39 37 44 40 45 46 47 53 56 64 67 70 72 74 87 88 94 96 104 107 111 94 93 94 99 101 106 114 115 118 123 123 121 117 113 112 110 114 116 106 101 95 90 87 93 90 91 95 83 103 94 90 86 81 80 77 79 78 76 79
108 104 99 96 91 87 84 83 81 79 75 71 66 61 56 41 39 37 36 37 37 28 27 23 24 26 21 23 24 25 32 34 52 49 50 51 54 54 47 56 53 48 44 42 46 50 52 54 56 57 62 74 77 82 88 92 95 98 102 103 107 98 97 95 100 104 107 119 123 121 124 124 123 119 119 117 114 117 119 110 102 97 93 97 95 91 95 96 97 99 104 93 90 86 80 78 80 82 78 79
112 105 100 99 96 99 88 87 82 83 80 76 67 63 53 48 46 41 40 39 40 31 30 25 30 31 24 28 28 33 36 38 41 54 53 54 62 57 53 52 48 47 45 44 51 54 53 56 58 60 62 83 78 81 84 88 99 99 106 105 108 105 101 97 101 103 110 122 128 124 126 129 124 122 119 118 121 118 122 115 101 100 95 98 102 100 97 98 101 104 97 96 92 93 82 80 84 85 86 82
9 10
4790 4785 4783 4779 4786 4783 4784 4785 4789 4791
4786 4784 4780 4778 4781 4782 4787 2488 2488 2494
4782 4777 4773 4770 4775 2483 2483 2484 2485 2493
4783 4780 4776 4772 2484 2480 2481 2483 2488 2492
4785 4784 2488 2483 2481 2479 2483 2486 2490 2495
2492 2487 2483 2478 2477 2470 2485 2487 2492 2500
907 904 902 901 897 2483 907 910 2497 2505
904 902 901 899 894 899 903 905 908 913
900 896 894 890 887 901 902 906 907 908
3 44
4004 4000 3990 3986 3983 3979 3974 3971 3969 3965 1207 1199 1209 1210 3599 3600 818 817 811 4404 4393 4407 2852 2851 2853 1076 1061 1079 1084 1089 1090 1091 1095 1098 637 634 631 630 627 623 622 618 614 612
3997 3995 3990 3989 3985 3984 3980 3976 3965 3961 3957 1201 1212 3587 3584 3590 918 4577 4572 4579 4401 2843 2837 2847 2849 1077 1081 1082 2091 2093 1091 1093 1097 639 637 635 632 627 624 622 620 613 607 596
3998 3999 3994 3992 3986 3988 3986 3981 3966 3964 3961 1205 3597 3592 3589 922 908 912 4584 4581 2841 2840 2834 2845 2850 1090 1085 2090 2089 2090 2094 1097 1099 642 640 639 635 628 623 619 615 611 608 605
1 13
1457 3293 1883 1880 2650 2666 1021 2577 2590 2211 1143 1774 1754
2 49
2329 2327 2320 1371 1384 2211 2225 3467 3463 3481 98 3330 3272 3277 3943 1306 1301 406 409 415 1747 1728 1745 226 231 1512 1514 3753 3751 3750 3754 34 31 25 20 23 28 30 32 4648 4635 322 325 3787 3791 4956 4936 4940 4945
2329 2325 2324 1375 4004 3986 4006 3469 3475 83 81 3311 3322 768 3952 420 417 403 408 412 415 1740 222 209 219 1499 1511 3760 3756 3768 3759 33 28 23 12 16 31 32 37 4652 4650 325 3787 3775 3780 4960 4947 4950 4952
2 7
1354 2193 2059 1658 155 169 1700
2912 2256 2063 1473 162 950 1689
9 4
1188 4925 4936 2068
825 4935 2057 2050
148 153 1412 2417
151 1406 1395 1410
4396 3120 3110 3127
4386 4493 3121 3122
4497 4484 4495 4500
4498 4497 4498 4502
4502 4505 4500 4502
2 31
3917 3698 3697 3693 1487 4057 4047 4063 4152 376 1964 1948 298 1929 1947 45 2717 2712 2709 117 1661 1666 4526 620 604 611 612 616 2990 2987 2990
3903 3906 3701 1489 1475 1480 4060 4157 4150 370 1796 1956 1298 1173 26 43 169 163 116 109 1658 1668 4506 4514 622 627 616 621 2989 2981 3000
2 4
4035 4033 4014 2425
4037 2419 2414 2406
5 5
10 7 0 18 17
7 8 16 13 15
0 15 30 15 0
19 17 15 15 19
24 11 0 9 12
1 3
2248 2250 1170
2 70
3794 3704 3724 4403 4407 4411 1024 1020 1022 4685 4680 4678 4679 4684 1467 1462 1458 2165 2150 3298 3309 3312 2223 2221 2212 2225 4759 4754 4767 4763 4768 4772 2393 2390 2385 2384 2380 2379 2804 2802 2800 2785 2802 1231 1233 4345 4327 4377 4358 300 301 306 307 312 1439 1425 4536 4552 40 50 1282 1292 1296 4199 4195 4205 4207 4198 4199 4201
3806 3712 4392 4401 4402 1015 1011 1007 1019 4689 4685 4697 4699 4685 1471 1463 1460 2168 1307 1294 1297 1298 2225 2224 2220 4761 4756 4751 4750 4758 4761 4765 2394 2395 2392 2387 2372 2361 2362 2807 2808 2803 2806 1227 1219 1239 4346 4349 4361 308 304 307 308 314 316 1438 4546 4191 4201 1299 1298 1300 1301 4197 4194 4190 4193 4195 4198 4200
27 2
4952 4942
4950 4940
4946 4926
4941 4936
4945 4940
4947 4948
4952 4950
4955 4952
4958 4959
4962 4962
4968 4963
4971 4967
4974 4971
4976 4974
4979 4977
4983 4978
4987 4982
4985 4983
4986 4985
4989 4990
4998 4994
5003 4999
5007 5001
5009 5006
5011 5015
5016 5018
5017 5022
10 8
3260 3251 3250 3246 3232 3245 2566 2565
3257 3256 3254 3251 3238 3240 2561 2563
3959 3260 821 3253 3255 2562 2557 2559
3956 831 819 837 2558 2552 2553 2555
3952 3953 830 2557 2554 2550 2552 2556
3949 3960 4982 2551 2550 2546 2549 2554
3963 4986 4981 2551 2549 2545 2546 2549
3965 4982 4979 4975 2540 2529 2549 2554
4979 4977 4976 4971 4969 2541 2545 2558
4979 4974 4969 4968 4957 4976 2548 2553
2 41
845 3591 3585 655 674 299 314 317 322 4437 4434 4432 4437 19 15 7 2159 2158 4897 2418 744 763 2794 2802 4356 4342 4354 4357 2089 2084 2069 2083 2088 2093 2096 2100 339 335 322 332 334
849 3601 3598 674 676 308 315 320 321 4436 4433 4419 4430 4434 19 20 514 2160 4915 2435 750 3620 3606 3614 2458 2449 2469 4360 2093 921 913 914 918 2096 2099 2104 2109 339 326 337 338
3 1
4835
2502
1278
3 46
1825 127 122 114 118 121 2344 1141 1132 2337 4607 4600 4605 435 438 303 307 1419 1414 1413 1399 4706 4722 2773 2759 2769 2771 2775 2776 1806 1801 1812 1815 1816 2275 2264 2277 2282 788 786 806 809 811 3179 3180 3177
1824 106 104 113 115 120 2342 2338 2335 2324 4588 4598 4600 432 433 299 303 305 1656 1414 1411 2665 2683 2686 2776 2774 2775 2778 1806 1803 1792 1810 1814 4455 4451 4452 2282 2287 807 802 811 813 3176 3175 3172 3171
1819 1815 1809 1828 119 124 2345 2342 2338 2335 4600 4603 431 421 288 283 298 1657 1653 1652 1638 2683 2687 2690 2777 2776 2779 2782 2785 1804 1805 1811 1816 4450 4449 4434 4442 4447 808 803 813 3179 3177 3178 3174 3175
23 1
3749
1222
1211
2218
3276
3260
3268
4340
4382
73
90
3247
3234
3248
3249
1907
1902
1884
3425
1097
4857
4840
4846
14 1
4900
4895
4891
4886
4881
4871
4888
4893
1880
1876
1868
1882
1887
1889
1 13
418 414 411 407 402 399 394 389 383 388 390 394 398
1 16
311 306 305 297 4548 4714 4697 3559 1044 2243 2279 4326 2076 2093 2407 3423
3 29
4786 4775 4778 727 745 748 753 3986 3981 3978 2507 2504 4612 3041 3035 3047 145 2154 2159 204 201 210 3954 3955 291 290 291 59 41
4787 4783 87 94 747 753 2241 2236 3967 3976 2504 2486 4599 3036 3027 3046 125 3116 3117 3120 215 3946 3951 3954 2983 292 1290 64 60
4789 4784 95 100 102 2228 2223 2216 2231 3264 3245 2501 4606 3613 3610 153 164 3135 3121 3948 3945 3928 3939 2978 2977 2979 1284 1285 63
30 2
1613 1615
1602 1610
1604 37
33 30
1095 43
1092 1099
1108 1103
1111 1107
1116 1111
1121 1115
1124 1119
1127 1123
1128 1127
1134 1132
1138 1137
2139 2146
2136 2141
2133 2136
2130 2131
2128 2128
2124 2124
2123 2119
2118 2107
2123 2109
2125 2112
2129 2114
2133 2134
2134 2136
2141 2139
2146 2142
2 3
7 6 7
7 6 7
1 1
9
6 13
2704 2702 2698 2704 2708 552 551 537 538 558 559 564 568
2707 2705 2696 2699 555 550 549 536 550 554 558 563 4878
2705 2702 2693 2700 932 556 553 540 543 555 561 4877 4877
4427 2703 2711 930 929 555 554 558 561 4880 4879 4874 4872
4413 4431 925 922 925 928 555 4899 4894 4890 4886 4872 4857
4419 4434 929 929 926 930 4895 4894 4889 4885 4883 4878 4873
17 6
3728 3727 3723 3725 3729 3732
3723 3722 3721 3723 3725 3730
3719 3718 3716 3721 4576 4577
3715 3719 3714 4568 4572 4575
3711 3721 3710 4563 4565 4566
3709 3701 3709 4561 4562 4565
3719 3718 3721 4558 4562 4564
3724 3720 4561 4556 4558 4559
4568 4565 4556 4554 4553 4557
4566 4562 4559 4556 4538 4546
4569 4565 4562 4558 4552 4549
4581 4568 4566 4559 4562 1469
4576 4572 4569 1467 1479 1464
1468 1467 1466 1465 1459 1463
1470 1473 1471 1470 1474 1468
1478 1477 1476 1474 1476 1472
1482 1482 1481 1479 1482 1473
2 9
4509 678 683 3099 1015 4277 4294 4785 4790
4505 661 3105 3087 3893 3897 4792 4776 4787
28 5
3866 3870 3862 3871 3868
3863 3864 3858 3863 3866
3860 3862 3856 3862 3863
3859 3857 3855 3858 3858
3854 3854 3850 3852 3857
3853 3852 3848 3852 3855
3853 3846 3845 3848 3853
3851 3843 3842 3845 3850
3846 3842 3837 3842 3845
3841 3838 3835 3837 3842
3845 3834 3831 3835 3828
3827 3824 3826 3829 3824
3823 3820 3821 3817 3822
3821 3817 3816 3814 3818
3818 3816 3812 3810 3814
3816 3811 3809 3807 3811
3809 3808 3806 3800 3819
3816 3814 3811 3813 3817
3819 3817 3814 3816 3819
3822 3818 2644 2649 2650
2630 2640 2640 2647 2650
2622 2635 2638 2643 2647
2640 2637 2640 2647 2651
2644 2642 2641 2648 2652
2648 2647 2655 2650 2654
2653 2648 2653 2652 2655
2656 2659 2656 2655 2659
2658 2663 2658 2662 2664
1 8
2702 4458 2447 1280 242 4163 4179 2739
15 3
1998 1988 2005
3510 1989 746
3500 2977 745
2983 2968 2969
2303 2299 2306
2321 2317 4343
2326 2321 4348
2331 2336 4353
2332 2341 2342
2344 2342 2347
2681 2678 2673
2678 2676 2672
2676 2662 2670
3518 3509 3510
3523 3512 3513
53 1
1520
1519
1517
1506
3115
3096
3114
3117
5008
5006
5004
4990
4997
5002
5003
5005
5010
5015
5020
5025
5027
5028
4261
4259
4258
4253
4251
4246
4227
3044
3048
3050
3052
3359
3358
3351
3327
3336
827
808
2848
2849
2851
2854
2855
2121
2116
2114
2112
2118
2120
2122
2125
2 13
8 8 8 8 8 8 8 8 8 8 8 8 8
8 8 8 8 8 8 8 8 8 8 8 8 8
3 3
9 6 3
5 9 6
3 5 9
5 5
10 7 0 18 17
7 8 16 13 15
0 16 30 16 0
19 17 15 15 19
24 11 0 9 12
4 3
3726 3709 2874
1670 3713 2883
1660 1676 1065
1662 1074 1060
6 19
1266 1275 1273 1273 3727 3723 3725 3909 3905 3900 3903 3903 3667 3666 4094 4089 4164 4170 4175
1265 1270 1268 1272 3718 3719 3723 926 3903 3898 3886 3898 3663 3659 3671 4085 4163 4160 3644
1248 1262 1264 1268 3717 3716 925 922 1155 1153 1134 1137 1142 3674 4069 4066 2868 3656 3637
1266 1264 1268 1269 1561 3713 3136 921 1626 1841 1839 1844 1845 4065 4058 2856 2848 2860 3639
1584 1580 1580 1574 1558 3711 3130 913 1608 1622 1845 1223 4291 4273 4067 62 51 528 548
1583 1578 1575 1573 1557 898 4370 933 1611 1210 1206 1205 1219 4281 4283 63 68 1402 1419
3 2
4009 679
459 3004
1147 3014
32 11
4445 4434 4436 3188 3183 3178 3173 3154 3172 3175 71
1874 4450 4257 4244 3185 3177 3176 3174 3176 3178 67
1869 4257 4241 4243 4246 4248 3180 3179 3181 61 63
1864 1875 4259 4247 4248 4252 4260 3182 50 57 59
1878 2038 2032 4251 4249 4251 4255 4258 48 52 57
2035 2034 2029 875 878 4256 4257 49 45 47 49
2037 2039 875 868 888 4261 56 51 38 40 45
4998 4997 4998 882 883 884 52 47 43 43 47
4998 4991 5003 5005 884 886 48 47 45 44 46
5001 4995 5004 2397 2398 2399 2400 49 47 4867 50
2375 2374 2377 2395 2397 2398 2399 4864 4866 4862 1033
2382 2371 2387 2391 2393 2395 2400 4860 4861 4857 1028
2381 2380 2382 2384 2398 2397 4861 4858 4855 4854 1024
3162 3161 3160 2385 2389 1332 1334 4870 4867 4852 1011
3166 3154 3155 3158 1327 1331 1333 4662 4869 4856 1021
3173 3171 3158 1328 1324 1326 1331 4661 4657 4649 1023
3176 3174 3176 1320 1319 1322 4661 4656 4652 4648 4649
3182 3178 3179 1319 1316 1314 1312 1317 4649 4645 4646
3186 3182 4988 1316 1315 1311 1310 1313 4643 4642 4646
3366 4988 4984 4987 1319 1298 1297 1308 4637 4627 4644
3351 4994 4976 4987 2039 2036 1302 2032 2021 4629 2032
3368 4987 4986 4988 2035 2034 2029 2015 2020 2023 2028
3937 3932 3929 3943 2041 2036 2031 2028 2024 2028 2031
3940 3937 3935 1826 1827 2037 2034 2032 2026 3564 3567
3944 3938 1843 1823 1825 2038 2039 2033 3563 3559 3562
3949 1852 1848 1836 418 420 2042 3559 3558 3557 3556
3952 1857 418 413 398 404 420 417 945 940 3562
4024 420 417 416 407 408 413 415 411 947 952
4023 4026 413 410 408 410 414 410 408 402 406
4020 4023 4025 413 409 412 409 404 403 398 401
4018 4022 4026 4027 413 403 402 400 399 396 400
4009 4019 4023 4027 418 419 409 404 400 391 394
8 11
3403 3420 3425 4414 4409 1518 1502 1510 215 217 218
3415 3421 3425 4427 4424 4429 1507 1512 210 211 214
4025 3426 4022 4431 4427 4429 1512 219 200 206 210
4020 4019 4019 4436 4431 4432 4433 4953 212 4944 4949
4019 3999 4014 4019 4433 4435 4951 4949 4945 4941 4943
4018 4016 4017 4022 4027 3592 4952 4949 4929 4940 4941
4019 4021 4020 4023 4025 3591 4947 4944 4939 320 326
4021 4022 4025 4028 3590 3589 3603 4949 4943 331 329
7 9
559 548 565 2278 326 3705 3708 3713 4585
555 550 566 2294 3696 3689 3704 4569 4583
4432 3351 3200 1772 1785 3695 3698 4564 4578
4431 3337 3196 3215 1786 1790 379 4559 4558
4425 4435 3214 3219 3194 376 365 377 4574
4427 4440 1544 1547 3192 3190 382 4314 4325
1550 1547 1542 1527 1535 3206 1821 1812 1827
1 25
641 623 856 1946 1821 1826 1829 2330 2327 2318 2806 2796 2739 1409 3959 724 740 4644 4630 503 2294 2286 2291 2296 2300
24 8
3412 3416 3419 3420 3433 3066 3062 3062
3396 3411 3423 3426 3430 3062 3061 3057
3412 4055 4047 3428 3062 3061 3057 3053
2751 4050 4046 4050 2411 2397 3055 3052
2747 2743 4042 4047 2410 2395 3061 3050
2743 2739 4036 2409 2392 2394 3070 3068
2731 2729 2748 2750 2412 403 399 3070
2149 2734 2735 394 393 388 396 400
2150 2738 4335 4333 4325 406 400 402
1281 1285 561 560 4345 4347 4350 403
1280 1281 565 546 563 4351 560 564
1265 1266 2858 551 552 554 558 559
1270 1271 2866 553 557 562 559 2718
1272 1275 1277 558 562 2716 2713 2713
1279 1278 1282 602 600 2713 2712 2709
1282 1280 1285 601 599 2709 2706 2699
4722 1281 603 598 596 599 2705 2704
4719 4727 597 592 591 596 2710 2706
4718 4722 600 595 590 593 591 2710
4715 4720 4684 593 589 594 589 597
4699 4247 4683 4684 587 581 587 592
4245 4232 4678 4670 4674 599 600 605
3837 4236 4693 4688 4431 4434 4437 4433
3824 3829 3833 4430 4417 4426 4428 4431
49 2
1559 1563
1556 1560
1555 1556
1553 1552
1548 1548
1543 1544
1540 1544
1538 1539
1536 1543
3270 3265
3257 3263
3259 3264
3610 3609
3598 3589
785 771
790 775
4666 777
4662 4658
4661 4656
4653 4651
4641 4632
3939 4648
3928 3943
3289 3303
3302 720
712 717
706 715
721 720
722 721
723 725
1115 1405
1113 1404
1111 1402
1101 1386
1117 1390
1379 1375
1378 1361
384 1368
381 389
393 393
398 394
401 402
402 407
406 4666
4659 4663
4657 4658
4654 4659
4662 4662
364 376
3 31
4843 3192 3211 3212 3217 2337 2336 2338 2340 2345 2349 2352 2359 633 632 630 627 625 623 620 613 611 612 616 4787 4783 4781 4780 4771 4588 4600
4837 4839 1679 1677 2339 2334 2335 2340 2340 2341 2345 2351 2358 2363 629 625 623 620 618 616 613 606 610 612 4788 4786 4784 4774 4773 4592 4593
4855 1677 1662 1673 2336 2332 2327 2337 2339 2341 2345 2349 2353 2358 637 633 630 626 624 619 615 614 2029 2044 4789 4788 4604 4600 4596 4593 4595
37 1
3994
3989
3988
3985
3983
3971
793
4370
4353
4372
1907
1906
1893
1898
2443
2426
2158
4337
4318
4333
3049
3033
3051
1534
1529
1126
1143
3771
3105
4336
4318
3846
2861
3019
4097
4080
2300
8 4
2359 2374 1317 1321
4278 1293 1283 1288
4281 1301 1297 2247
4850 1307 1302 4016
4844 4853 4031 4013
4850 4910 3638 3621
4910 4907 4912 3630
4912 4904 4914 4915
2 6
406 4165 4149 4160 23 28
1705 1715 4153 34 14 17
5 5
10 7 0 18 17
7 8 16 13 15
0 16 30 15 0
19 17 15 15 19
24 11 0 9 12
35 9
1272 1584 1576 1578 1581 3662 3657 3661 3660
1271 1297 1291 1309 1313 3658 3653 3660 3658
1268 1294 1288 1305 1310 3646 3648 3650 3655
1288 1298 1304 1305 3656 3644 3647 3649 3650
1293 1300 1307 3653 3651 3632 3642 3645 3649
1296 1303 3956 3954 2486 2468 2486 3646 2485
3965 3963 3961 3946 3960 2472 2476 2481 2484
4638 4648 4639 3956 3961 2475 2477 2478 2485
4634 4630 4638 4641 2480 2478 2481 2136 2139
4642 4640 4644 4645 2133 2132 2129 2135 2138
4644 4641 4647 723 2132 2129 2127 2134 3951
731 727 724 722 712 2120 2114 2129 3947
3071 3077 725 721 701 712 2119 3962 3946
3069 3073 726 725 720 725 2120 309 299
3063 3072 3075 727 723 729 2122 318 316
3072 3077 3078 3079 3083 3084 1676 324 321
3075 3080 3081 3083 3084 1677 1672 1670 1669
3090 3085 3083 3086 3088 1674 1671 1669 1668
4349 3088 3084 3086 3093 340 335 1673 1658
4347 4350 4364 4369 336 335 334 1675 1670
4346 4339 4359 2862 2864 337 332 325 1671
4349 4347 2856 2845 2861 331 327 324 325
4352 4348 2860 2849 2188 2206 322 304 322
4356 4352 2205 2203 2200 3587 3582 313 2414
2212 2211 2209 2206 2202 3592 3584 2130 2401
2219 2216 2211 2211 3601 3597 3586 4745 4728
2223 2219 2217 2214 3602 3599 4745 4740 4735
4063 2224 2221 2216 3604 3602 4742 4741 4738
4059 4054 3617 3613 3608 3604 4745 4742 4739
4056 4051 4046 4051 4044 4040 4749 4743 4744
4049 4047 4044 4046 4041 4038 4026 4029 4047
4048 4046 4042 4040 4039 4037 4023 4028 4046
4051 4047 4043 4041 4040 4038 4037 4042 4045
4053 4051 4048 4043 4047 4042 4041 4045 4048
4060 4057 4053 4051 4048 4049 4046 4050 4051
19 2
2119 2121
2114 2119
2113 2122
2114 2370
1338 2373
1326 1339
1331 1333
4591 4594
4574 4578
4591 4594
952 953
932 938
936 937
429 433
4822 1653
4813 1651
4830 1669
4835 4839
4838 4840
7 12
4801 4802 4805 2441 2439 2436 1546 1544 4142 4128 4144 4149
4797 4799 4803 2436 2434 2417 2418 1527 1531 4145 4147 4164
4796 4790 2348 2351 2436 2437 1548 1543 1548 4184 4181 4162
4795 4779 2343 2349 2354 2138 2148 1547 3535 3539 4185 4177
4799 2349 2336 2345 2141 2136 2145 3516 3530 4671 4190 4178
2358 2353 2346 1321 1304 1017 1035 3512 3510 4655 4661 1015
2363 2355 1317 1315 1310 1030 1031 3516 3526 4689 1026 1011
2 17
1357 1356 1354 1342 1361 1578 1567 4499 4504 527 1001 994 4098 4087 4100 2204 2201
1362 4846 4845 4836 940 921 4508 4496 4504 510 530 1002 4110 4106 2215 2197 2198
21 11
3204 3207 3202 3201 3199 3207 3202 3207 3210 3200 3204
3202 3201 3198 3197 3195 3202 3198 3199 3194 3197 3199
3202 3201 3199 3196 3191 3198 3193 3185 3192 3196 3198
3200 3197 3198 3190 3187 3189 3188 3182 3187 3187 3188
3194 3193 3196 3187 3185 3184 3183 3178 3184 3184 3186
3191 3189 3191 3187 3182 3180 3178 3173 3180 3183 3186
3191 3184 3182 3178 3177 3172 3172 3171 3176 3178 3179
3186 3182 3179 3177 3174 3170 3168 3167 3178 3175 3177
3189 3155 3183 3151 3156 3159 3169 3165 3172 3174 3179
3148 3153 3149 3146 3153 3154 3168 3163 3168 3170 3173
3147 3148 3142 3144 3149 3168 3165 3161 3163 3165 3177
3144 3143 3138 3140 3150 3151 3159 3156 3157 3159 3162
3470 3140 3137 3138 3145 3147 3151 3152 3157 3158 3160
3465 3138 3135 3139 3141 3153 3148 3150 3151 3160 3165
3462 3134 3132 3136 3136 3139 3143 3146 3150 3165 3169
3458 3473 3128 3131 3135 3136 3138 3142 3143 3144 3147
3452 3468 3123 3120 3140 3139 3141 3144 3148 3148 3148
1461 1467 3116 3119 3121 3142 3142 3144 3147 3151 3150
1465 4495 3120 3121 3126 3131 3145 3146 3151 3154 3155
4493 4490 4472 4480 3130 3132 3135 3149 3153 3155 3155
4491 4489 4471 4475 4479 3133 3138 3142 3145 3150 3152
5 36
3182 3179 3177 3177 3173 3166 3166 3213 3210 3209 3208 3207 3206 3210 4403 4402 4401 4394 4404 4310 4326 3381 3386 3390 2023 2021 2017 2018 2020 2038 2039 2042 1228 2892 2915 2910
3178 3177 3175 3173 3169 3164 3162 3167 3155 3143 3140 3123 3221 3223 4407 4405 4407 4406 1379 4311 4313 3376 3371 3373 2020 2018 2016 2017 2021 2036 1244 1244 1225 2889 2891 2905
3183 3182 3179 3175 3168 3163 3160 3159 3153 3148 3143 3136 3222 3226 3230 4410 4414 4410 1385 1388 3375 3372 3367 3370 2017 2015 2012 2022 2027 2033 1243 1240 1221 2883 2900 2902
3188 3183 3181 3176 3162 3160 3157 3155 3153 3150 3146 3151 3227 3229 3232 3233 4418 4413 1390 1390 3364 3369 3365 3366 2024 2020 2016 2019 2023 2028 4535 4534 4530 2893 2905 2903
3176 3174 3172 3168 3166 3162 3161 3156 3158 3154 3148 3149 3233 3232 3236 3239 1397 1395 1393 3362 3359 3356 3352 3366 2027 2023 2020 2024 2025 2030 4538 3782 3775 3783 2909 2908
63 3
3550 3547 3550
3546 3544 3545
3545 3542 3541
3544 3541 3537
3541 3538 3533
3528 3525 3528
3527 3524 3527
3523 3519 3522
3518 3516 3519
3512 3511 3512
3513 3510 3511
3510 3507 3509
3508 3506 3514
3507 3503 3509
3505 3501 3507
3501 3498 3503
3494 3494 3501
3492 3490 3486
3495 3495 3493
3501 3496 3495
3502 3499 3497
3504 3504 2524
2513 2511 2505
2514 2512 2512
2518 2515 2518
2520 2517 2522
2526 2522 2523
2526 2523 2526
1679 2526 1675
1676 1680 1674
1671 1667 1673
1670 1665 1669
1663 1661 1665
1657 1644 1648
1654 1649 1651
1656 1652 1653
1657 2224 2228
2222 2222 2223
2221 2218 2230
2229 2217 2225
2234 2233 2226
2238 2235 2229
2240 2239 2230
2242 2240 2233
2245 2242 2245
2258 2244 2247
2253 2250 2249
2257 2252 2252
2256 2254 2253
2260 2255 2257
2259 2258 2262
2262 2261 2263
2264 2264 2266
2273 2271 2268
2276 2273 2271
2278 2275 2280
2281 2277 2280
2282 2278 2279
2283 2281 2285
2287 2283 2289
2289 2288 2289
2295 2291 2292
2296 2296 2295
20 12
4998 5001 5003 3207 3207 3212 3217 3221 1154 1150 1149 1152
4995 5000 3215 3204 3206 3207 3211 1154 1151 1151 1147 1148
4978 3209 3196 3199 3203 3204 3215 1151 1146 1147 1145 1150
4995 3213 3211 3200 3204 3208 3211 1142 1141 1138 1137 1154
4996 3218 3204 3202 3206 3210 3212 1143 1143 1156 1151 1153
3226 3222 3207 3203 3204 540 543 2402 2398 2396 1154 2390
3228 3227 3207 3205 539 538 539 2398 2396 2395 2394 2385
3232 3228 543 541 537 534 535 2398 2396 2391 2375 2384
3235 3230 540 537 532 529 521 517 518 2395 2393 2385
3240 537 535 534 529 526 511 514 515 517 2398 2390
558 555 539 537 534 308 305 316 516 520 523 2391
554 551 546 541 539 323 322 324 520 521 180 182
1970 1960 1959 542 542 324 326 166 174 173 178 181
1966 1961 1957 1956 544 163 159 164 170 171 174 178
1957 1956 1953 1951 1955 158 154 163 165 166 171 175
1939 1938 1945 1946 156 154 152 151 166 170 176 179
1938 1935 1934 1942 1943 413 157 159 163 165 420 182
1940 1939 1949 1947 414 412 408 409 412 415 416 417
1944 1943 417 413 409 408 406 407 411 416 419 418
1948 1947 415 414 412 399 396 401 412 417 420 421
100 100
107 108 105 106 101 102 103 105 110 109 106 107 111 122 117 120 123 124 125 139 138 135 131 129 126 127 129 131 133 136 147 148 149 158 162 165 165 168 170 168 171 172 175 179 183 218 213 210 205 204 201 197 193 188 185 184 183 179 176 174 175 177 183 186 187 190 166 163 168 161 169 140 138 161 160 155 151 149 148 145 143 148 144 141 137 137 136 131 132 141 142 133 135 140 145 148 152 153 152 155
103 104 101 103 100 100 112 110 107 102 105 106 124 120 115 116 117 120 124 140 136 133 126 128 121 123 124 129 133 136 142 146 145 155 157 160 161 166 167 163 166 170 171 174 178 233 216 214 210 209 204 201 198 192 187 188 177 175 173 169 174 179 180 182 186 188 163 160 156 159 168 139 137 134 162 160 155 147 144 143 140 148 143 138 136 134 131 128 131 136 126 130 132 142 145 153 138 146 148 152
99 102 99 98 97 98 109 105 105 101 104 109 112 116 111 110 114 123 124 135 133 130 125 121 118 122 126 132 130 134 137 141 143 152 153 155 157 161 165 162 164 168 169 172 175 229 227 224 222 214 210 201 197 194 190 189 181 178 170 165 170 175 176 177 178 154 160 157 153 158 165 161 134 131 122 126 148 147 144 143 138 133 145 140 140 138 127 123 125 126 125 129 130 145 135 135 137 144 144 149
98 103 104 99 92 95 107 103 98 96 98 106 108 110 106 109 114 118 103 114 110 124 122 117 117 119 122 133 129 134 135 140 142 147 150 152 154 153 164 160 163 166 168 173 232 227 223 221 218 213 205 202 200 195 191 177 176 172 169 164 168 172 170 175 179 153 152 148 148 162 161 158 129 126 121 122 122 146 143 140 135 130 131 132 129 125 122 119 124 115 122 124 129 131 133 134 136 140 143 146
95 92 97 94 88 91 95 95 93 95 97 102 105 110 102 103 107 110 102 113 109 113 115 115 116 122 117 119 125 130 131 132 137 140 151 154 155 152 154 156 158 160 163 169 173 229 228 220 217 211 208 207 203 199 194 180 178 176 166 162 166 170 169 173 177 151 147 144 147 150 156 153 163 121 120 117 118 136 134 130 129 127 128 118 128 123 120 115 112 114 117 122 124 127 129 130 134 139 144 146
92 91 90 89 87 88 91 92 89 94 98 103 105 100 99 101 102 104 98 99 104 114 110 114 115 119 114 118 123 128 130 131 142 147 150 154 146 148 151 153 157 163 164 165 167 225 223 219 214 209 205 204 199 199 192 174 173 171 168 161 159 165 168 172 152 147 144 141 142 158 155 152 160 122 118 116 113 135 131 131 126 123 127 116 115 116 115 111 108 113 114 118 119 123 126 129 131 135 140 142
93 90 89 86 84 88 90 90 88 93 99 103 104 89 94 97 97 104 97 95 103 112 107 110 114 117 109 113 116 117 119 126 147 149 152 138 143 148 153 157 162 165 183 189 193 193 223 219 216 214 206 201 194 194 189 176 171 166 165 159 157 162 163 154 156 142 140 136 136 154 152 150 155 143 149 117 112 129 128 127 123 119 121 115 110 107 105 108 107 110 120 122 125 129 133 148 154 156 137 139
73 70 74 69 82 74 93 88 84 85 88 105 86 84 89 91 95 99 97 94 98 103 106 109 114 113 108 112 113 114 118 122 125 130 128 135 140 137 139 173 172 175 179 184 188 189 191 222 220 204 201 197 192 186 184 178 165 162 162 157 153 157 149 151 151 153 134 132 134 130 152 149 145 141 147 110 109 111 132 129 121 116 118 113 109 105 100 108 103 106 118 123 127 128 142 147 150 153 132 136
69 67 64 68 77 73 78 80 82 85 54 56 81 80 81 80 93 94 86 91 96 106 103 100 102 103 106 111 112 117 116 120 124 125 126 130 133 136 140 170 167 172 177 180 183 184 189 191 201 199 198 193 189 185 181 176 160 159 158 154 152 148 146 149 148 150 131 129 125 126 148 146 141 140 144 145 106 107 124 123 116 115 114 109 106 104 98 100 101 102 113 118 119 140 138 143 147 152 131 133
70 64 62 64 65 70 72 76 78 83 51 53 81 78 79 79 92 90 83 87 91 96 100 97 98 100 102 106 109 110 115 119 121 122 124 126 145 150 151 167 163 166 168 176 179 183 186 190 202 191 189 184 179 177 176 172 177 157 154 154 149 146 142 144 145 144 126 125 123 121 125 140 137 136 140 103 102 103 100 119 116 111 110 107 104 102 97 96 97 100 109 114 116 138 135 133 137 125 128 132
66 63 58 54 59 66 71 80 81 52 49 51 80 76 73 76 89 85 80 82 93 87 85 92 93 99 101 101 106 109 114 116 125 132 133 138 143 148 159 154 159 162 167 172 181 185 189 204 201 196 191 188 179 177 172 168 164 156 152 148 146 143 138 133 137 139 128 126 121 120 128 126 130 131 136 101 100 98 96 95 121 112 111 108 105 106 97 95 93 99 104 105 108 135 130 129 133 124 125 127
65 58 53 52 57 61 59 63 65 55 48 51 72 71 70 72 72 77 75 79 89 84 84 87 90 97 96 98 100 102 107 130 126 129 131 135 136 153 155 153 156 160 172 174 179 182 183 186 189 186 181 175 172 168 165 163 160 157 153 150 148 134 133 129 132 135 123 120 119 118 123 124 126 128 133 99 98 97 92 93 89 91 114 88 100 96 91 95 91 95 96 109 107 112 126 124 122 122 123 131
60 57 52 50 55 57 58 62 61 50 47 44 48 69 68 70 69 77 74 75 80 79 81 84 88 92 93 94 98 105 109 125 125 127 130 130 133 148 152 150 155 160 176 176 184 185 189 190 187 184 180 179 175 172 170 144 143 139 138 137 133 130 129 125 121 125 118 118 116 113 120 122 124 128 132 96 93 94 90 91 88 88 86 84 87 89 86 90 88 88 90 108 106 111 116 122 119 120 125 130
55 54 51 48 51 55 56 55 56 47 44 43 46 51 67 61 67 78 73 77 73 74 77 83 83 91 97 99 118 123 124 120 121 126 127 128 133 146 147 148 153 155 159 170 174 188 192 196 181 179 176 173 172 169 175 150 145 140 142 138 130 128 127 124 119 121 116 114 113 110 115 120 125 128 129 88 89 91 88 86 84 85 83 80 83 88 83 79 83 83 89 104 102 106 106 116 114 118 119 124
53 52 47 44 46 50 54 53 55 46 42 40 42 58 62 58 64 65 69 70 70 73 77 79 82 87 89 93 113 117 118 118 120 128 131 134 137 142 144 148 152 160 161 166 171 233 237 192 189 184 178 172 170 167 158 157 154 150 149 136 131 122 121 116 114 119 115 110 112 108 102 101 103 104 86 85 84 82 82 83 80 85 81 76 81 78 77 78 81 82 87 102 101 100 105 109 112 117 121 125
49 47 42 39 42 46 51 50 37 43 41 36 37 56 56 57 61 57 64 67 68 69 78 82 84 85 88 104 108 111 113 115 116 119 121 137 140 144 147 153 158 163 166 171 234 232 189 190 193 188 179 175 167 162 158 154 152 151 146 142 130 122 119 119 110 110 111 109 107 103 100 100 102 103 104 83 80 79 81 81 78 80 77 75 78 76 73 73 76 82 86 85 100 97 102 104 108 111 116 118
44 42 41 38 39 42 46 49 35 38 37 33 51 55 51 56 60 56 62 65 70 71 71 83 93 98 102 103 106 109 114 115 118 122 145 142 142 146 147 154 168 166 169 223 228 229 188 189 190 185 173 171 170 164 162 158 154 150 144 141 125 120 115 114 109 108 106 104 98 97 96 99 103 106 84 79 75 77 85 80 77 77 76 71 69 62 68 71 74 78 82 84 96 92 95 99 103 112 117 121
46 44 39 37 34 41 45 33 31 36 36 31 48 45 48 50 50 55 60 61 65 67 70 75 92 95 105 104 110 111 115 117 120 122 123 146 148 147 152 157 169 216 213 219 223 226 185 189 182 180 178 173 152 150 149 152 149 147 142 138 134 122 119 118 114 102 101 100 99 94 95 96 106 88 74 76 74 78 81 80 75 72 71 70 64 59 65 67 80 75 79 78 89 88 89 97 95 94 111 115
47 45 37 32 30 36 38 31 27 33 31 30 43 44 43 46 49 50 55 56 70 73 72 85 87 88 92 107 100 114 108 111 116 117 122 150 155 151 156 161 211 212 212 215 217 180 182 173 186 183 171 168 150 149 146 141 137 134 135 133 130 127 128 123 109 106 103 99 95 91 93 98 86 83 73 76 73 82 78 76 71 72 71 66 61 58 61 63 76 74 75 76 78 85 91 95 92 93 106 108
48 34 31 30 28 31 36 28 23 24 27 28 42 39 42 44 43 41 49 76 71 75 76 80 83 84 86 98 99 100 106 110 112 116 119 123 128 156 161 210 208 207 208 211 212 178 177 171 185 180 172 167 164 141 140 136 134 130 126 131 129 126 123 119 107 105 104 91 90 86 86 82 83 79 72 74 72 65 73 70 68 69 49 69 59 54 58 76 73 72 71 71 76 81 86 90 91 103 103 106
40 38 32 28 27 27 30 27 22 23 23 26 31 37 35 39 41 40 45 48 51 55 79 82 87 85 90 94 95 99 101 104 109 113 118 121 126 130 134 205 207 203 205 210 207 210 173 169 181 178 171 165 163 160 136 132 130 126 122 121 124 117 119 114 106 101 97 102 88 85 82 80 78 77 71 68 67 63 62 65 64 65 45 43 47 52 57 57 57 58 67 69 74 78 82 94 97 98 101 102
39 34 29 26 23 24 25 22 19 18 18 23 27 32 30 34 36 38 42 47 48 49 79 80 92 87 95 99 96 104 103 104 112 116 119 121 125 127 132 201 205 200 202 206 204 205 211 168 170 173 169 173 162 159 153 130 128 125 122 119 120 115 115 110 103 97 92 87 95 90 80 79 77 73 69 65 63 59 57 54 60 46 43 41 43 47 52 54 52 57 62 66 69 83 86 98 100 103 113 106
34 31 27 24 20 19 14 15 14 15 15 19 22 24 27 32 33 39 60 63 68 69 75 78 82 85 89 92 93 95 96 98 102 103 107 125 127 130 134 200 196 195 196 204 202 206 207 167 166 163 164 164 163 158 152 129 124 119 118 116 115 111 108 105 101 96 90 86 82 83 82 77 74 71 65 66 54 46 54 51 55 42 41 37 41 43 59 54 51 52 65 68 71 88 90 93 104 105 108 109
39 32 27 23 19 14 13 15 12 17 12 17 19 20 22 37 41 42 56 61 63 68 71 76 78 82 84 87 90 91 94 98 100 104 109 114 149 153 157 194 190 190 195 199 197 202 203 168 165 162 161 160 160 154 148 147 144 139 133 117 117 116 110 106 96 92 88 84 80 81 77 73 70 66 64 68 49 43 45 48 51 47 40 35 30 49 46 44 46 51 51 55 60 67 94 96 108 109 112 114
40 35 31 27 15 13 9 8 1 4 7 9 12 21 22 40 42 46 51 52 62 71 76 78 83 87 88 89 93 98 95 99 101 137 139 141 148 152 154 189 188 185 187 190 192 189 194 170 161 159 158 157 155 151 146 142 140 135 130 125 119 112 108 104 102 97 92 82 79 73 71 67 67 61 60 57 46 42 44 47 45 42 39 34 29 46 43 42 45 47 49 54 59 64 71 67 62 66 72 73
39 35 31 21 20 17 12 12 17 22 9 13 17 23 26 45 43 46 47 48 57 59 62 66 70 91 95 99 97 99 100 102 106 136 141 141 143 145 149 187 185 184 181 185 187 188 191 196 169 164 161 164 159 152 150 146 144 138 128 124 120 118 111 108 105 83 81 77 74 71 69 65 63 58 55 54 44 40 44 33 41 39 34 33 27 44 41 37 38 41 46 56 58 63 67 64 60 64 67 69
32 31 27 23 22 19 15 14 19 23 11 18 21 25 29 49 46 49 48 53 55 56 67 67 68 73 74 85 108 104 101 118 126 133 136 138 142 143 147 189 184 181 176 181 182 183 186 188 197 165 166 163 159 154 151 146 142 139 122 119 118 116 114 111 109 89 85 80 76 76 74 72 68 61 53 49 42 39 43 32 32 33 29 28 24 25 29 32 36 39 42 46 43 48 54 63 58 63 67 71
40 33 29 25 26 23 19 15 19 19 16 21 23 32 33 38 48 56 53 58 60 63 67 72 71 76 79 80 84 113 111 116 121 130 134 139 136 141 144 145 187 178 175 178 182 185 188 190 192 197 173 168 162 157 151 149 144 143 123 122 110 106 110 104 100 88 87 86 81 77 69 54 53 49 45 44 39 36 39 30 31 29 34 25 21 27 26 27 29 32 34 38 42 43 50 55 56 60 62 64
38 37 34 29 28 28 24 25 27 25 20 24 28 31 33 36 39 41 58 62 61 62 65 116 111 81 122 81 118 112 109 114 118 127 132 134 135 137 138 148 172 169 172 175 176 179 184 191 195 199 176 173 123 118 155 152 147 114 108 106 105 103 108 94 95 94 88 89 77 67 66 61 56 53 41 38 37 34 29 28 25 24 26 25 20 25 24 26 27 33 33 38 38 41 49 54 54 58 64 67
40 41 37 33 34 33 25 28 29 30 32 27 31 33 38 42 47 45 48 67 63 68 76 103 109 112 117 113 117 109 107 112 117 122 125 130 133 134 136 139 168 164 169 171 175 180 184 189 197 186 127 123 118 116 117 112 112 109 106 103 100 98 99 93 92 89 84 77 75 80 74 72 69 68 44 41 33 32 28 33 20 20 18 16 15 19 23 24 26 28 31 34 34 38 44 49 53 54 57 65
47 42 42 38 43 37 27 31 34 35 30 28 30 34 42 44 46 49 51 53 64 69 71 101 106 111 113 112 113 108 105 113 115 118 121 125 130 135 139 170 167 162 166 176 169 183 186 190 184 182 123 118 115 114 113 108 108 105 101 102 97 94 91 90 83 82 80 77 74 69 73 69 68 63 61 33 29 27 23 21 17 15 13 9 14 15 15 19 24 27 30 31 32 36 41 45 49 51 53 60
54 50 46 43 48 32 31 32 42 35 33 31 34 36 37 46 50 53 56 103 102 103 95 96 102 110 114 111 108 108 104 109 111 114 116 117 122 124 165 164 163 160 165 164 166 167 172 178 181 178 178 121 120 115 110 105 101 100 99 97 94 92 89 85 81 79 74 72 73 68 71 62 61 59 60 34 27 26 20 17 12 11 9 8 1 11 14 17 21 24 33 35 36 39 40 44 47 50 52 55
56 59 48 46 51 55 35 43 38 37 34 36 41 37 49 53 58 59 102 98 97 92 90 94 99 108 111 110 106 104 99 103 106 111 112 114 118 167 163 159 160 156 156 160 161 162 170 174 177 175 175 181 121 117 112 108 103 102 103 102 93 89 86 81 76 74 71 70 65 67 63 58 56 54 33 30 26 22 18 15 14 16 17 13 4 12 16 19 24 25 29 56 59 40 52 53 47 52 57 52
57 55 50 49 51 55 58 48 43 39 37 40 44 46 48 52 56 58 95 93 92 89 88 91 109 103 108 105 104 101 97 98 103 108 117 117 118 164 162 157 159 155 152 159 164 163 167 172 172 171 172 177 179 109 113 97 92 88 85 74 73 71 85 83 78 74 70 68 64 63 61 57 55 53 35 31 36 33 28 21 18 23 22 15 5 21 19 20 32 37 49 55 54 54 50 49 45 49 50 48
60 59 52 52 56 58 65 61 54 52 50 49 47 48 50 53 59 63 98 93 88 85 86 87 106 101 103 104 93 99 94 96 101 75 122 118 123 124 158 154 157 155 150 155 159 159 163 162 163 169 174 180 109 104 99 96 87 88 83 86 72 70 69 71 90 80 75 69 66 64 66 61 52 51 44 35 31 29 26 22 21 22 25 17 31 27 23 28 31 33 47 50 52 50 49 45 40 42 35 46
59 58 57 53 56 67 63 60 55 54 54 52 48 57 55 59 63 68 90 84 82 81 82 89 90 96 93 88 88 92 93 96 71 74 77 80 84 88 157 152 154 150 147 150 155 156 161 158 161 168 171 170 103 100 95 91 86 82 79 76 72 68 66 66 87 84 80 75 70 69 54 53 50 46 43 39 35 34 30 27 22 23 30 20 34 31 26 29 33 38 42 47 49 53 46 43 38 32 30 41
62 60 60 56 72 71 66 59 58 58 61 53 53 60 58 63 65 68 88 85 84 80 83 87 92 92 88 83 84 85 89 91 70 74 79 77 81 85 152 151 149 147 144 148 150 150 153 153 158 163 166 169 171 93 92 88 83 78 75 72 70 69 64 62 63 86 85 80 73 60 57 58 49 47 44 47 42 38 35 39 24 24 32 44 42 39 35 32 37 39 47 51 53 48 45 43 37 30 29 37
64 67 64 83 78 75 67 66 63 59 66 57 55 61 60 66 70 86 82 79 77 75 76 68 66 66 82 80 82 83 84 87 69 71 76 74 77 82 125 152 148 144 139 144 147 146 148 152 153 158 171 174 87 85 81 89 87 75 72 71 65 69 65 58 58 60 63 48 48 43 36 59 58 53 52 47 43 42 36 44 25 26 34 46 43 44 38 33 41 42 52 53 48 46 43 39 36 31 27 34
69 91 89 84 80 79 84 71 66 60 71 72 60 64 64 71 87 85 94 77 76 73 73 66 65 65 77 76 80 84 62 67 68 70 75 71 76 75 123 115 132 131 134 137 142 141 146 148 150 152 154 87 83 80 78 77 71 72 68 66 64 63 61 56 54 51 49 44 42 39 35 64 60 57 55 49 44 48 50 47 48 49 35 47 46 45 41 61 57 52 48 45 44 42 38 37 34 30 26 30
115 109 90 85 86 84 87 75 70 65 74 78 79 98 95 92 84 83 90 75 73 72 68 63 60 64 69 71 75 77 61 62 63 67 68 70 71 73 118 113 117 127 131 132 134 136 138 143 146 150 155 158 86 80 76 73 70 67 63 59 69 61 60 55 53 49 50 40 37 34 30 90 85 62 58 68 45 55 53 50 51 56 37 90 52 48 68 65 59 56 53 46 46 51 48 44 39 28 25 27
112 107 101 96 94 89 89 79 74 70 77 83 85 89 92 87 83 79 88 83 78 77 63 62 59 63 66 70 74 55 56 57 61 62 67 69 72 113 109 112 116 122 125 128 131 134 136 140 143 148 150 153 88 87 86 85 84 59 58 55 60 59 56 51 48 45 47 36 36 30 29 33 84 81 75 67 66 67 57 53 52 77 84 85 53 50 65 61 57 56 52 51 67 56 53 26 25 23 20 4
110 105 100 98 96 94 99 104 78 84 79 89 84 100 96 92 78 77 72 86 81 82 62 58 55 56 61 48 49 53 57 59 64 66 71 74 75 103 107 109 110 117 120 123 111 137 140 142 128 134 138 105 103 88 84 82 79 80 77 52 47 43 39 40 41 40 35 33 31 36 24 28 79 76 71 66 65 62 66 82 79 75 79 80 85 54 73 63 58 57 54 66 64 61 58 59 23 22 18 0
113 108 101 101 103 98 103 111 86 84 83 88 83 82 77 75 71 75 70 74 68 61 56 53 52 54 45 43 47 52 55 59 65 66 70 75 99 102 104 109 110 112 113 104 109 110 114 126 124 131 135 103 101 95 81 78 75 76 72 45 44 43 38 36 39 36 28 29 26 29 23 73 71 70 69 64 60 57 60 61 68 72 75 79 80 82 71 68 66 62 66 67 68 62 60 26 25 26 21 13
117 110 108 103 106 101 106 107 110 87 84 86 81 78 74 69 68 67 65 65 63 57 55 50 49 47 37 39 41 46 59 69 61 64 67 71 94 99 101 93 93 98 99 100 104 105 109 111 123 126 127 97 96 91 87 76 74 73 70 67 42 40 36 35 33 32 26 23 22 14 19 78 74 72 45 66 46 54 57 59 63 67 68 72 76 81 72 71 70 66 67 47 45 66 32 29 28 29 25 14
119 115 111 104 108 106 108 108 112 87 91 87 84 82 71 68 72 66 64 62 59 54 52 48 45 42 34 36 41 45 46 64 59 63 64 66 89 89 90 90 92 94 96 97 100 104 109 110 118 121 126 131 94 90 82 78 73 68 67 62 61 40 35 32 31 27 22 21 18 12 12 12 33 46 44 46 43 49 53 58 62 65 73 77 79 82 78 74 72 69 48 46 43 40 36 33 30 35 39 16
123 113 110 105 99 97 94 91 92 83 80 81 89 85 65 63 68 56 54 50 51 46 55 46 43 38 33 34 36 46 46 59 55 59 61 67 87 84 86 89 90 96 97 100 102 104 108 109 115 120 122 101 89 87 85 74 69 66 65 61 59 53 37 34 34 29 23 18 16 11 9 10 30 31 43 41 42 46 50 63 63 68 68 84 82 83 80 78 60 59 55 51 46 42 37 36 35 40 42 50
125 118 100 98 93 92 90 87 86 81 79 80 76 62 59 58 54 55 54 49 46 43 45 42 36 31 28 33 36 39 43 47 52 57 59 63 86 81 84 86 89 95 92 96 97 101 110 112 113 118 105 100 88 85 80 79 74 70 88 59 54 51 48 45 39 32 35 31 11 8 6 28 27 28 40 36 38 48 50 51 56 60 65 67 83 88 85 82 65 63 60 56 48 47 46 43 42 41 46 47
106 100 99 98 95 97 88 86 81 78 75 75 71 59 56 55 51 50 57 45 41 38 39 39 33 30 23 24 27 28 42 42 49 51 55 59 83 78 79 83 90 94 90 93 95 99 112 115 114 115 101 98 95 93 89 84 90 85 84 80 58 76 71 41 38 30 30 28 24 4 3 8 24 24 27 32 36 52 48 49 54 59 63 64 69 78 82 85 66 68 63 58 51 48 49 46 45 45 51 49
105 102 97 96 91 88 81 80 75 73 74 74 69 66 58 54 49 48 43 40 39 37 35 34 32 27 22 27 30 35 40 41 45 48 60 62 64 77 80 82 86 91 87 89 91 95 117 105 119 114 109 104 102 92 87 85 84 81 80 78 77 72 67 37 33 28 25 24 21 20 0 3 20 23 24 27 28 45 44 47 50 52 65 67 71 73 76 80 83 66 65 62 55 52 54 50 46 56 53 58
100 96 93 89 84 83 79 77 75 71 70 69 65 64 50 49 48 45 43 41 43 42 39 33 28 24 21 22 25 28 29 50 53 54 58 60 62 72 76 77 82 82 82 87 92 94 95 101 100 109 104 99 97 94 87 84 79 77 76 73 71 69 65 62 27 23 21 20 19 15 10 15 19 23 28 33 38 41 43 46 49 50 53 69 74 77 80 84 87 75 70 58 57 58 62 51 47 59 55 60
95 92 90 89 86 85 84 78 78 74 74 70 64 59 55 53 50 62 60 56 53 48 44 31 29 11 1 17 22 23 48 47 50 53 54 57 67 68 73 76 77 78 79 83 88 93 94 98 99 105 109 96 92 90 85 82 80 73 78 68 66 65 62 59 57 52 28 25 20 19 13 20 21 26 28 29 34 36 41 51 52 54 59 61 66 67 71 74 92 77 74 64 62 63 58 54 50 52 58 65
100 94 94 93 88 92 87 83 81 81 79 67 64 62 57 60 55 66 65 59 55 50 49 15 8 5 4 20 22 27 28 43 48 50 54 60 62 65 70 81 69 74 76 84 89 91 92 96 101 102 103 94 89 88 83 80 75 71 70 68 64 60 59 57 52 51 46 44 25 21 29 24 26 28 33 30 37 41 44 46 54 56 61 63 89 91 97 98 103 75 71 67 66 67 63 55 51 73 72 67
124 121 121 121 90 94 92 99 86 83 80 69 72 67 77 72 69 68 70 19 17 13 12 11 7 6 5 21 25 32 34 38 40 52 54 58 60 61 65 67 68 71 75 77 81 82 96 99 105 107 109 96 94 91 86 83 78 75 76 72 62 59 56 52 48 47 43 39 34 33 30 29 30 29 31 33 38 43 48 49 53 74 78 81 86 90 93 97 98 102 73 72 71 74 97 94 91 74 73 68
123 119 117 116 101 100 97 95 90 87 88 73 70 69 79 77 70 73 26 22 21 18 14 11 8 7 10 23 37 34 35 42 43 54 58 62 63 65 70 70 73 76 78 81 84 87 92 111 109 111 112 102 97 93 89 79 77 76 79 76 68 63 60 54 49 48 43 41 37 36 35 35 33 31 33 36 42 47 50 54 55 69 73 78 81 86 91 99 100 104 76 73 75 78 57 87 86 81 76 80
127 124 116 111 109 104 102 93 92 88 93 77 75 70 81 78 81 75 28 24 20 18 17 21 10 10 12 24 38 37 39 44 46 55 70 67 71 74 75 78 83 80 81 110 86 90 123 118 113 116 118 102 98 95 90 93 78 80 88 86 82 66 64 56 53 52 44 46 50 43 39 38 36 35 36 40 43 55 55 55 59 66 71 75 77 81 91 92 101 102 67 63 62 57 56 89 85 82 78 83
131 118 115 112 111 105 105 107 94 92 78 76 74 73 78 55 48 46 27 26 22 20 22 24 19 15 16 53 44 39 41 47 50 53 55 72 76 76 76 83 87 97 104 107 109 113 114 120 118 118 120 121 98 96 94 100 95 92 88 84 81 79 72 56 54 53 52 47 50 48 41 40 39 36 45 43 46 50 54 59 63 65 69 70 82 86 89 93 96 97 63 62 60 56 55 53 86 85 81 88
133 121 116 117 112 109 106 111 97 96 83 83 80 75 54 51 44 42 30 27 25 22 27 26 21 16 53 48 44 40 41 46 51 54 58 73 75 79 87 84 89 94 99 103 104 116 118 124 119 122 121 126 102 97 95 99 95 95 90 87 75 74 70 68 63 55 52 49 52 57 44 45 40 39 50 47 50 55 58 62 66 68 70 73 78 83 91 95 98 99 102 67 62 58 51 49 53 86 33 93
138 133 132 126 115 112 107 124 126 94 92 89 85 58 54 49 42 37 32 30 27 24 32 27 22 17 55 50 46 45 45 50 53 62 61 74 75 76 77 89 92 97 101 102 114 118 130 126 123 127 124 106 105 101 98 96 94 93 91 91 74 70 66 63 60 57 53 52 53 58 47 46 45 48 54 55 54 58 62 65 69 72 73 76 81 86 87 91 73 78 61 63 58 54 50 48 53 55 31 33
141 130 127 124 119 114 119 122 124 107 98 93 51 50 46 44 41 39 34 32 31 38 34 31 27 61 59 55 56 47 51 55 54 67 64 69 73 78 83 90 91 92 94 98 111 114 119 131 124 127 126 111 108 105 102 97 96 95 92 70 69 66 65 64 63 59 55 57 57 62 65 49 48 50 56 57 79 75 72 67 74 74 78 77 83 87 90 71 70 73 58 59 57 55 50 47 49 31 26 30
139 135 132 128 122 117 124 125 105 102 100 95 100 52 51 48 44 44 38 34 42 41 36 37 31 66 62 60 59 51 53 56 61 69 65 70 73 76 84 92 96 98 103 104 107 111 124 127 130 129 130 114 109 106 103 101 100 99 78 74 72 70 69 67 66 63 66 70 60 64 67 53 50 52 59 58 81 80 75 68 75 85 80 82 88 90 77 72 68 72 54 52 55 50 46 42 45 27 24 23
140 137 136 101 97 122 128 88 110 107 74 73 61 58 56 52 53 67 69 49 47 43 37 80 75 70 67 64 64 55 56 59 61 73 70 75 74 78 82 86 101 104 107 109 110 123 129 131 132 130 133 117 112 110 108 105 103 77 74 73 72 71 74 70 68 68 67 74 79 67 71 57 52 55 56 62 85 83 79 94 93 90 84 88 75 79 72 70 67 72 51 48 47 43 42 38 42 29 22 21
141 139 97 95 92 91 89 87 81 77 73 69 66 64 59 57 61 62 64 69 50 46 39 85 80 74 70 67 67 71 57 62 62 63 75 84 79 80 84 90 106 106 109 113 116 119 126 129 134 136 134 109 105 103 100 97 94 91 90 84 80 76 78 76 71 69 70 79 84 72 74 61 85 60 60 64 72 68 72 62 96 94 86 77 73 74 68 67 63 58 55 57 56 42 36 34 32 27 22 20
147 143 144 101 96 91 87 83 80 79 76 72 70 68 61 58 64 67 68 70 51 47 42 90 85 75 79 84 68 69 68 67 65 86 85 82 80 83 88 91 98 102 106 107 117 123 125 127 131 141 131 129 116 112 101 99 100 88 87 83 79 77 80 77 76 72 75 84 80 76 79 83 84 86 73 72 67 64 67 59 67 69 75 74 70 69 67 63 58 53 54 52 53 41 36 31 27 26 21 18
150 148 105 100 98 94 91 88 81 81 79 94 74 85 72 70 67 72 72 71 54 52 92 90 88 80 80 82 71 74 77 68 94 91 87 84 84 86 89 90 94 97 102 105 119 120 122 127 131 140 128 128 111 108 104 98 96 91 90 87 82 82 83 80 78 73 74 76 82 81 83 85 89 73 68 67 65 63 62 58 63 64 67 62 59 64 63 58 57 51 51 47 48 50 28 26 22 20 18 15
155 151 109 107 105 100 96 93 91 90 91 89 86 84 76 71 70 72 74 102 57 53 96 92 91 89 85 88 75 79 82 73 97 94 89 96 95 91 94 111 97 101 104 110 117 119 124 131 126 135 127 123 125 107 103 99 97 96 94 88 87 90 86 85 81 77 76 78 86 82 86 89 72 71 68 65 61 62 57 54 63 67 61 58 57 63 60 57 53 48 47 46 45 47 50 22 22 19 17 13
160 156 117 112 110 110 102 105 93 89 88 85 84 81 78 74 72 76 100 101 100 96 94 93 94 90 87 81 80 82 84 89 101 99 94 99 97 93 97 109 110 115 108 109 113 114 113 128 125 130 123 121 128 111 107 104 99 102 99 90 92 92 89 90 84 81 80 84 89 87 88 77 74 69 67 63 59 61 54 53 58 62 65 52 56 62 58 54 53 50 48 45 42 46 50 21 18 14 16 12
123 118 113 108 109 105 101 100 92 90 93 90 85 85 79 78 82 87 95 90 89 97 100 98 102 94 92 94 87 84 87 107 106 104 76 73 102 95 100 104 106 110 106 104 104 101 109 125 124 125 122 120 123 127 112 112 110 107 102 103 106 95 93 97 92 84 81 82 87 89 94 79 77 73 67 62 58 56 55 52 48 52 50 49 55 54 51 49 48 42 41 39 38 41 46 17 13 12 6 10
130 128 110 106 105 100 97 96 95 91 94 91 89 90 84 82 86 95 94 87 86 89 84 78 84 80 75 70 78 83 85 88 109 75 73 72 77 99 105 108 107 111 104 99 101 96 105 120 119 121 122 119 121 125 128 116 111 110 104 105 106 99 96 94 90 85 82 85 92 93 98 74 73 69 66 66 63 54 51 48 46 49 41 45 49 52 47 45 44 39 39 34 33 31 25 16 12 11 4 9
129 124 113 110 103 101 99 101 100 96 101 97 93 101 100 97 96 95 91 86 84 88 80 76 80 76 74 69 73 78 68 71 72 75 72 69 74 88 81 77 102 107 100 97 94 94 100 102 115 113 121 117 121 117 118 132 128 113 132 130 131 104 99 95 92 88 87 86 93 94 74 73 71 66 62 57 53 57 52 48 44 42 39 41 45 43 47 46 43 38 33 32 32 27 21 16 14 9 1 19
127 123 122 107 106 103 104 104 101 99 104 99 97 98 96 95 94 97 85 84 83 84 80 75 71 73 73 68 63 66 64 67 70 59 67 65 68 84 80 76 99 104 99 95 91 92 96 98 114 111 116 112 112 115 120 126 123 121 126 127 130 133 103 100 97 93 92 87 95 78 74 71 68 66 61 51 50 49 48 47 43 38 37 38 33 39 44 42 39 38 33 29 25 23 20 16 15 11 3 6
121 120 119 115 110 108 113 109 106 102 105 101 107 107 103 98 93 94 99 84 82 79 77 72 68 67 69 63 62 66 63 58 57 55 62 61 63 85 71 74 97 95 94 92 88 89 89 90 93 110 104 109 108 113 117 121 122 117 122 123 124 125 107 102 100 102 94 90 76 74 75 66 64 62 59 60 52 49 46 39 38 35 33 27 32 34 44 41 40 38 33 31 29 26 21 19 16 18 6 8
124 121 124 120 116 112 115 109 106 103 110 110 105 104 100 93 90 87 88 83 85 79 73 68 65 63 65 61 60 61 58 55 56 54 60 58 63 71 67 69 70 73 97 92 87 88 86 90 91 105 100 107 106 111 115 125 121 116 119 120 124 127 128 105 103 91 97 80 77 73 71 70 67 57 55 56 48 46 42 38 38 33 32 26 31 32 34 47 43 42 33 32 32 30 26 30 18 21 10 13
129 122 123 122 124 122 120 112 108 106 108 106 103 98 95 90 87 86 83 79 76 76 71 64 62 61 63 57 56 58 57 52 54 51 55 57 61 67 64 69 68 69 93 88 86 85 84 87 92 95 99 102 105 109 114 116 117 115 114 116 121 123 91 96 92 86 81 84 81 78 71 67 70 57 52 51 48 39 38 35 34 32 28 24 26 28 32 34 44 47 36 34 39 34 28 27 23 24 11 14
129 125 125 126 128 125 124 114 110 108 107 103 98 97 93 92 89 81 78 74 73 71 66 61 63 57 60 53 55 51 55 51 48 46 50 54 56 59 61 64 67 68 70 90 78 81 83 85 89 94 96 100 104 113 119 116 114 113 112 115 116 118 87 88 87 82 79 79 77 72 69 64 60 49 48 46 45 44 43 29 24 20 22 20 25 30 37 30 31 43 39 38 41 39 40 28 29 26 27 17
131 129 137 136 133 126 129 116 111 107 109 101 96 92 88 85 84 80 80 75 69 69 65 60 58 53 56 51 53 50 53 49 51 43 46 54 52 54 57 61 69 69 67 78 75 77 81 84 90 97 97 102 105 107 121 117 115 108 107 112 108 113 84 88 79 70 75 78 81 73 64 59 55 51 46 41 50 47 27 24 20 18 17 15 14 13 18 25 29 31 43 43 43 42 42 33 32 28 28 19
134 133 141 136 134 115 114 112 109 106 103 96 93 88 85 83 82 78 75 72 67 65 60 55 54 51 50 49 51 46 45 44 49 41 44 45 47 50 59 62 68 62 63 68 71 72 86 89 92 102 99 100 106 127 125 115 111 107 104 106 107 111 82 78 75 69 73 78 86 82 87 63 60 48 45 40 36 32 30 28 24 22 15 14 13 12 16 20 22 24 27 45 46 47 43 46 35 30 31 36
139 137 135 130 128 110 109 105 107 102 98 96 87 84 83 78 76 71 70 70 62 61 57 55 50 49 47 46 43 43 41 40 34 38 43 42 45 49 64 46 64 61 60 67 70 74 76 78 79 80 103 100 110 93 117 110 107 105 101 98 112 93 77 74 70 66 71 84 82 77 78 77 75 49 50 45 41 48 32 29 25 21 17 13 8 7 7 9 12 15 18 54 57 50 48 51 40 32 32 40
166 162 127 125 123 121 105 104 102 97 94 91 85 81 77 74 73 68 67 66 61 59 54 53 50 47 46 43 38 38 30 35 33 34 41 37 42 46 42 44 61 56 57 62 66 71 74 78 83 86 91 96 98 92 114 110 106 101 98 97 89 92 94 78 74 63 64 80 79 75 65 72 70 66 57 59 45 44 41 30 30 26 22 12 9 5 3 7 9 13 15 52 52 55 51 56 60 33 33 77
163 158 157 126 122 118 113 108 94 92 88 86 83 78 73 71 67 66 65 62 55 54 51 44 55 46 44 42 37 33 28 31 28 33 37 34 37 42 41 43 48 53 54 59 67 72 77 79 81 85 89 88 96 91 87 109 104 102 97 93 88 90 75 73 69 60 61 65 73 70 62 70 67 63 55 57 51 48 40 38 34 30 25 23 18 10 0 6 11 30 33 49 51 55 53 61 64 66 71 76
159 157 152 149 147 143 109 104 101 97 93 90 87 81 78 71 69 67 59 58 53 52 47 42 35 34 48 29 33 29 23 21 26 31 33 30 33 34 38 42 47 52 53 56 61 65 70 73 78 79 82 83 90 88 84 113 111 106 91 86 83 77 70 69 67 59 59 60 68 65 61 66 56 58 53 52 47 44 46 34 32 29 24 22 17 6 4 7 9 25 42 46 49 50 51 58 66 69 67 75
154 152 149 144 145 142 111 107 102 98 94 93 89 92 76 73 72 64 61 59 47 47 42 38 31 32 29 26 28 24 21 18 22 24 29 29 31 40 43 47 52 56 56 61 66 71 73 74 83 88 91 94 98 84 80 75 95 90 85 83 79 75 68 65 63 56 55 58 56 61 59 55 53 55 55 46 44 41 44 42 37 28 24 19 15 11 9 14 19 20 39 43 43 46 52 55 60 64 66 71
150 147 143 141 143 140 113 110 103 99 97 96 93 81 76 75 72 69 65 46 42 38 36 34 30 26 24 22 27 15 18 17 19 20 24 26 29 35 40 45 44 58 61 65 69 70 74 76 80 85 88 92 95 79 76 74 72 77 79 78 74 71 67 62 60 58 53 56 55 59 54 54 49 41 44 42 40 36 37 46 45 29 27 23 18 15 13 16 24 29 34 37 38 43 47 51 55 60 65 70
161 148 142 139 138 137 142 141 107 102 97 96 80 78 75 70 68 65 63 60 40 37 34 29 25 23 22 17 15 13 10 16 15 17 20 22 26 30 33 41 43 48 53 69 70 71 76 81 83 84 89 75 76 80 77 73 70 75 63 62 64 74 70 62 58 55 52 51 51 58 53 46 46 37 41 40 35 35 32 34 43 45 25 24 23 19 16 19 28 31 38 41 46 48 51 56 59 64 68 75
157 145 145 139 135 133 138 139 141 104 94 93 89 84 79 75 65 61 60 55 60 42 39 33 28 24 17 16 15 12 8 12 14 16 20 22 24 26 27 40 42 47 57 74 78 80 81 83 63 65 67 71 74 77 73 68 65 72 65 61 60 62 67 65 63 59 49 47 50 52 49 45 41 33 39 36 34 32 30 33 39 41 42 31 26 27 20 25 31 34 37 42 58 53 57 59 63 65 69 80
154 144 141 137 133 128 133 137 107 103 98 95 92 83 81 76 70 66 51 50 46 39 37 32 28 24 19 17 14 7 6 21 23 18 23 24 26 30 32 37 38 48 51 76 83 87 91 87 62 56 60 57 78 75 75 71 62 67 62 60 59 64 72 68 65 51 49 43 44 38 37 39 36 31 34 32 29 27 26 30 34 39 34 29 27 29 22 28 34 36 38 41 46 54 58 60 62 71 71 81
149 153 144 138 131 126 128 132 109 108 92 91 89 83 79 76 58 53 49 46 41 40 38 35 29 25 20 12 11 8 5 1 6 7 12 29 38 35 37 42 44 45 48 59 60 66 82 84 58 53 45 52 72 71 70 67 61 52 66 59 54 56 58 53 48 47 46 41 40 36 32 30 33 28 31 31 27 26 22 25 30 34 37 32 31 32 33 33 37 39 42 46 50 52 55 60 64 66 70 71
145 139 141 126 125 122 126 131 113 113 92 88 86 81 76 72 70 55 51 48 42 44 42 39 26 21 17 16 13 8 7 21 26 30 34 35 42 37 39 43 47 50 52 57 62 62 77 82 85 48 44 47 51 40 37 62 58 51 47 45 50 51 53 49 44 42 39 38 37 35 30 29 28 27 25 19 18 19 20 25 28 29 31 36 35 33 37 38 40 44 45 49 51 55 58 64 68 67 70 75
141 137 140 144 122 119 122 127 104 100 83 81 78 76 73 68 66 54 53 58 44 45 41 38 34 24 20 18 16 13 9 22 30 35 38 42 47 40 43 44 48 52 53 54 58 59 74 78 51 43 41 46 51 38 35 54 53 49 44 43 45 48 49 47 45 49 45 41 41 40 34 32 27 26 23 18 1 15 16 20 31 36 31 33 35 35 38 47 45 48 59 54 53 56 58 59 62 72 73 76
138 134 131 120 117 114 108 104 99 98 96 91 88 71 68 64 63 56 55 60 45 41 37 35 30 26 21 17 15 13 10 25 30 31 40 44 47 51 47 45 46 53 55 60 63 68 72 73 49 48 37 41 34 32 33 24 48 47 40 38 39 44 51 49 47 50 46 46 44 43 41 23 18 13 9 7 5 9 17 19 23 24 27 31 33 34 35 51 47 50 53 58 56 57 58 61 62 76 81 86
134 132 127 117 115 110 107 102 96 94 91 88 85 70 65 64 59 58 56 58 63 42 41 39 33 27 25 27 17 16 11 28 31 33 41 47 49 52 61 47 52 57 56 65 67 71 76 80 45 43 35 38 30 27 29 23 31 44 39 37 39 42 46 50 49 53 50 48 40 38 36 29 22 17 12 12 7 23 20 25 25 41 44 47 34 39 38 52 51 52 67 66 61 63 63 64 83 79 83 88
129 125 123 112 107 102 101 97 92 91 87 85 81 77 76 63 62 62 58 61 60 53 42 40 33 31 28 28 26 16 14 17 19 24 44 51 55 56 57 61 73 75 80 85 70 72 79 45 41 38 33 33 30 25 20 20 26 35 37 32 42 38 42 45 50 55 51 51 40 35 32 27 24 19 15 20 11 28 25 29 39 38 43 42 43 45 58 56 52 55 73 68 65 68 73 83 88 80 86 91
134 123 121 117 112 108 105 102 93 91 87 84 80 75 71 66 63 64 59 58 55 52 50 45 40 36 29 28 24 22 19 24 21 22 24 53 54 57 60 65 70 74 76 78 81 86 84 85 44 33 31 29 24 20 18 17 22 30 28 29 35 34 35 37 46 50 54 53 42 39 34 31 27 21 19 20 32 31 29 30 34 36 38 40 45 54 55 61 55 57 62 68 67 72 76 80 85 83 90 95
129 125 122 118 118 114 111 106 108 94 90 85 81 78 72 69 67 68 63 61 58 57 47 46 45 41 33 31 29 25 23 25 26 24 57 55 60 66 63 64 68 79 79 80 82 91 87 90 41 40 36 28 27 23 21 16 20 29 26 28 26 29 30 46 41 45 49 52 44 43 40 35 30 26 24 36 35 35 31 35 35 41 43 44 48 50 53 56 59 62 67 72 70 77 80 85 88 89 91 92
133 129 126 122 117 113 111 108 113 99 95 86 84 85 77 72 69 73 67 64 65 58 55 51 48 49 35 34 32 32 28 31 35 40 59 60 63 66 68 67 70 88 83 82 83 86 89 51 48 43 41 30 29 24 20 15 14 19 22 23 25 27 32 35 39 42 45 50 45 46 36 34 33 31 34 40 38 36 39 40 44 43 44 47 52 55 56 59 64 64 67 76 74 76 84 86 91 96 95 96
149 147 139 121 119 114 114 112 105 102 100 89 87 78 74 72 70 75 68 66 64 59 58 49 47 45 42 38 35 37 30 35 40 44 62 61 62 67 73 74 77 79 88 93 88 90 95 54 49 48 42 29 26 16 15 13 13 23 18 22 23 25 30 31 35 38 42 54 50 47 38 37 38 36 35 39 43 37 42 44 46 44 51 48 54 58 61 63 67 65 71 81 76 78 87 90 94 98 101 102
145 142 137 126 121 119 135 114 110 108 104 87 88 79 76 75 71 96 72 71 66 62 62 51 48 45 41 39 39 41 33 38 42 45 47 62 65 66 78 82 86 96 93 98 92 93 71 64 61 58 29 27 23 20 15 10 9 7 0 7 25 27 33 38 37 39 43 44 50 46 41 38 42 39 37 38 45 40 46 48 50 48 51 49 57 61 64 66 69 75 73 74 77 83 85 94 98 103 107 112
138 135 132 127 122 126 130 131 112 109 88 86 81 80 79 78 96 93 91 90 68 63 61 56 53 46 41 40 49 44 38 42 43 46 50 64 69 72 77 78 81 86 97 103 107 72 68 62 60 55 58 55 25 21 15 14 13 8 9 14 27 36 37 42 42 44 47 50 46 45 43 50 47 43 38 41 46 45 50 53 51 51 52 54 68 64 66 69 71 80 78 78 89 86 91 96 100 101 112 114
149 144 132 131 123 127 135 113 108 91 90 89 93 89 84 79 94 90 88 85 72 68 63 58 50 47 43 42 50 49 43 47 45 48 55 75 70 71 73 77 80 82 99 108 74 69 66 61 57 53 55 50 45 21 20 15 16 16 13 16 19 32 37 40 44 47 49 53 52 49 44 57 52 45 47 51 50 48 54 59 68 56 76 81 68 66 71 73 75 81 79 98 94 89 94 104 103 108 115 120
143 142 140 135 127 131 138 109 104 95 93 90 96 90 89 97 92 89 86 81 78 73 68 62 65 58 55 53 51 50 44 50 49 50 53 56 73 75 76 79 84 84 76 75 74 70 67 62 52 49 44 39 40 36 24 26 21 19 15 20 23 31 34 38 41 45 49 52 63 62 60 59 54 46 50 55 59 49 59 63 64 66 74 78 79 69 74 78 82 91 94 96 95 94 99 108 106 111 113 123
146 144 141 138 143 133 141 103 102 98 96 99 100 105 99 98 94 94 91 83 82 75 71 66 63 62 58 55 52 56 48 55 51 51 56 81 76 78 79 82 86 88 90 82 79 74 72 50 48 44 39 38 35 33 29 28 25 24 20 21 24 27 31 39 43 47 50 53 54 67 63 60 59 48 53 59 63 62 61 64 67 70 73 75 84 86 78 81 83 88 90 94 100 99 104 111 108 112 115 117
1 25
2429 4953 4954 3146 3140 3155 2826 2844 612 629 2048 2324 1361 1363 356 336 340 1499 3531 3542 1247 1239 4784 3405 3413
8 15
248 245 212 213 3792 4637 4653 4654 1014 2820 2815 2814 2814 1230 1233
770 244 209 201 3778 3797 4788 1013 1009 1013 2802 2795 2810 1228 1220
756 232 252 210 4275 4279 4785 1017 999 1009 1010 2804 74 89 1239
766 241 4274 4270 4261 4271 4767 4774 1011 1016 4394 2806 79 675 671
4806 246 4278 4285 4280 4129 4116 4119 4122 4384 4381 4395 803 797 674
4803 4817 4288 4285 4283 4284 4133 4122 4123 4102 4386 801 800 793 226
4796 4816 4820 4290 4287 4565 4562 4572 4096 4090 4107 4108 2404 2400 208
1838 1845 1848 4293 4289 4561 4560 4556 3151 4103 4108 2402 2400 2388 2398
59 2
250 234
255 246
4622 247
4621 4624
4614 4617
4634 2610
2603 2606
2595 2610
2600 2602
2603 2607
2606 2609
4541 4560
4538 4558
1128 1133
4576 4587
4595 4599
4598 2449
2452 2433
2438 2435
2442 2437
785 780
790 779
788 771
2815 2799
4494 2801
4484 4490
4503 662
644 643
652 647
653 648
1141 1146
1138 1134
2204 1141
2191 2199
2200 3122
3129 3116
1229 3121
1211 1221
1223 1222
4310 4294
4307 4292
4317 4312
4321 4317
4325 4321
4325 4324
184 190
183 187
177 194
1509 1528
1512 1517
1515 1520
3131 3135
3128 3129
3125 3567
3575 3555
3577 3560
3579 3565
3573 3568
3574 3569
1 14
488 471 3328 3318 775 1696 909 4018 4019 3103 3101 3088 4036 4881
1 97
3003 3000 2997 2992 2989 2970 2990 2995 2997 3001 3003 4015 4014 4012 4010 4005 4002 4000 3999 3995 3983 3996 3999 4003 3138 3123 3124 4190 4187 4195 4198 4203 4208 4595 4577 4589 4594 4597 2226 2221 2217 2214 2213 2224 2229 1538 1531 1542 1546 1549 1385 1382 1377 1393 1394 1399 1402 1403 1404 1409 1414 1418 1422 1423 1427 1428 2778 2775 2770 2765 2762 2759 2755 2754 2752 2748 2745 2729 2733 2737 2738 2740 2745 2750 2753 2756 2760 1350 1348 1344 1341 1340 1335 1334 1332 1324 1327
19 3
1656 1655 1648
1662 1657 1654
1665 1662 1655
2505 1667 2281
2500 2511 2277
2497 2506 2275
2485 2504 2270
2490 2255 2267
2259 2254 2253
2256 2255 2254
1628 2258 2259
1620 1622 2262
1639 1642 1643
1642 1643 1647
1645 1648 1648
1646 1650 1651
1650 1654 1658
1654 1655 1660
1659 1664 1665
2 26
818 832 2120 2117 2103 521 522 1095 4578 4582 3901 3898 3897 3241 3236 3224 972 89 88 101 936 937 4115 4111 4120 4120
833 834 2117 2113 2110 4656 4665 4570 4564 4582 3901 3900 3886 3889 982 978 970 980 1070 1089 925 4111 4103 4110 4115 4119
15 8
3766 3768 3772 2014 2010 2015 2501 2505
3765 3770 2017 2012 2007 2008 2498 2500
3763 3764 2009 2006 2002 2003 2494 2495
3759 3774 2012 2009 1999 2014 2480 2500
4829 4846 2123 2012 2007 2012 2495 4680
4835 2127 2117 2126 2011 914 907 4692
4836 2131 2137 2131 913 910 899 917
4837 4839 678 673 675 3414 3404 1913
4840 4840 680 660 670 675 1906 1902
677 668 664 662 663 679 1908 1904
675 671 669 666 670 682 3069 3050
677 674 670 669 671 683 3057 3054
682 679 673 670 672 3063 3060 3057
683 681 675 671 677 3069 3064 3058
683 682 680 685 681 3072 3069 3061
16 1
2812
2807
2803
2798
2785
1508
1509
2748
196
187
4276
4265
4273
969
613
3412
2 73
1342 1339 1350 1351 1352 1353 1354 1359 2161 2159 2156 2154 2145 2143 2140 2135 2129 2140 2145 954 953 951 948 945 931 3341 3353 715 712 2266 2268 2271 2268 2272 2277 1019 1015 1011 1001 1008 1009 67 64 63 65 63 65 67 69 73 78 82 3430 3422 3423 3419 3427 3425 3428 3432 4986 4982 4980 4978 4971 4977 2645 2642 2641 2642 2646 2651 2656
1347 1334 1346 1349 1351 1355 1357 1360 2158 2155 2153 2149 2148 2144 2140 2137 2132 2142 2146 2147 956 956 951 950 936 3360 3354 4274 4265 2256 2263 2266 2267 2271 2276 1021 1017 1012 1017 1013 1011 53 51 45 60 62 64 65 67 68 73 3430 3426 3421 3418 3416 3415 3423 3426 4984 4983 4978 4975 4966 4969 4974 2643 2638 2627 2640 2645 2647 2649
1 33
605 603 601 598 3403 3420 2041 2039 2059 381 379 376 375 371 384 389 394 4257 4255 4243 4255 4259 4263 3995 3990 3987 3968 3973 3978 3981 3985 3989 3993
30 4
4696 4692 4824 4822
4692 4689 4820 4816
4692 4688 4682 4664
4689 4686 4683 4678
4691 4688 4684 4683
2275 4431 4427 4424
2270 2270 4427 4408
2267 2264 1036 4678
2272 1040 1026 1032
2202 1047 1042 1045
2200 2193 1043 4678
2195 2182 2200 4676
389 2185 4674 4674
394 395 4672 4661
395 400 4680 4676
405 403 4686 4681
408 404 4691 4682
4072 2812 2807 4686
4071 2807 2806 2810
4070 2801 2805 2810
4057 2799 2785 2798
4064 4068 2789 2791
2298 2302 2791 2793
2318 2323 4086 4091
2322 4088 4085 4089
4089 4084 4080 4085
4090 4080 4078 4080
4095 4072 4058 4072
4073 4068 4067 4071
4075 4071 4069 4071
13 2
794 795
791 796
516 516
510 515
530 532
1549 2232
2231 2225
88 85
4021 94
4023 1000
994 992
370 357
372 368
2 19
383 398 4358 4362 4351 4551 809 806 571 3813 3814 3817 997 979 994 999 1388 1383 1400
382 396 4354 4345 4349 4550 4537 577 563 565 3594 3601 3602 999 999 1004 1400 1398 1402
2 1
3967
1873
2 16
1609 1600 1605 3040 1187 287 2554 2543 3218 3215 3936 2654 191 3451 4274 4278
1606 1603 1604 1201 1184 1186 1189 2555 2558 3216 3938 2656 211 1132 1127 1137
47 2
164 167
148 162
161 167
1391 1392
1388 1383
1383 1367
1388 1383
4097 1386
4096 4892
434 4889
439 4909
2701 2699
2681 2697
2677 2696
2696 3801
2699 3813
3819 3815
3824 3820
3825 3822
3829 3200
3187 3199
3184 3197
3180 3194
3177 3189
477 482
463 474
4569 4587
1409 1423
4052 4072
4057 4074
4489 4490
4481 4486
2606 2612
2277 4017
4009 4006
4023 4022
4027 4023
1681 1677
1680 1676
1664 1672
1682 1950
1687 1951
1956 1954
3382 3386
3381 3385
3369 3378
3378 3383
64 5
4947 4946 4948 4953 2581
4952 4940 1790 2767 2580
4953 1781 1780 2762 2561
4345 2755 2752 2750 2756
4344 3062 3058 2761 3062
4334 4340 3056 3060 3061
4341 3068 3048 4198 4201
4192 4190 4186 4185 4202
468 4192 4190 4186 4204
464 462 459 456 458
462 457 455 450 456
463 462 463 461 460
80 76 73 62 70
83 79 76 74 71
86 84 79 76 76
1731 1732 82 79 361
1729 1727 1727 375 357
1728 1725 1709 1728 371
1733 1730 1723 3395 3398
3221 3400 3398 3394 3399
3217 3406 3404 3388 3400
3213 3212 3408 2555 2562
3225 3208 3228 2542 2561
3226 3224 3225 2561 2564
3231 3228 3231 2573 2569
3233 3233 3235 3236 2454
3234 2477 2475 2454 2453
2478 2476 2474 2457 2445
2474 2471 2469 2464 2460
2474 2472 2470 2467 2465
666 2473 2473 2472 2467
661 656 654 2475 2479
660 655 653 659 660
632 650 652 655 656
630 645 648 650 651
643 648 651 651 656
1499 1492 1494 652 659
1495 1491 1493 1509 1505
1498 1481 1496 1506 1504
1500 1495 1496 1501 1502
1502 1496 1500 1506 1511
1503 1508 1514 1511 1513
1504 1299 1302 1284 1281
1300 1294 1296 1282 1280
1297 1292 1294 1278 1277
1296 1287 1286 1277 1276
1291 1286 1283 1265 1274
2926 1275 1271 1267 1272
2925 2927 1270 1269 1274
2922 2908 1809 1273 1276
2925 1801 1798 1818 1725
1819 1818 1815 1717 1715
828 1820 1820 1825 1728
826 821 829 833 834
823 816 825 829 832
838 833 830 2768 2760
839 2773 2768 2763 2744
3601 3597 3598 3592 3580
3601 3596 3595 3590 3585
1093 3599 3597 3594 3586
1091 1093 3604 3599 3600
1086 1096 1097 3601 1109
1089 1100 1103 1105 1108
1094 1104 1105 1108 1109
1 10
0 1 2 3 4 5 6 7 8 7
8 3
4222 244 251
4213 4224 2162
3879 2825 2153
3881 557 3338
2393 2381 2392
2643 2383 786
2640 770 766
2642 2280 2274
5 13
523 515 291 287 458 457 1834 1827 1829 3755 3768 3773 3775
521 514 273 286 455 453 1825 1826 3770 3752 3765 3767 3771
520 504 272 282 454 449 455 1831 4196 3767 1370 1379 1381
515 510 590 2392 2400 450 4203 4202 4190 475 1362 1377 1382
3097 3096 3095 3096 3097 452 4208 1946 1943 1706 1722 1723 1724
23 8
2666 2671 3291 3272 3284 3286 3288 3291
2671 2673 3295 3279 4933 4934 3292 3294
2944 2955 2955 2958 4952 765 3295 3298
2935 2950 2954 2959 758 760 2307 2310
2943 4938 4933 750 756 756 2305 2306
4934 4920 4930 744 752 754 2300 2299
3817 3798 3818 748 752 2303 2299 2294
4265 4249 4254 3482 3484 3487 2299 2282
4255 4254 4256 3480 3481 998 993 991
4261 4257 3484 3476 3483 1000 995 987
4265 4259 1670 3481 1673 995 991 988
1668 1667 1666 1652 1671 1676 1425 989
1673 1670 1303 1305 3927 3919 1422 1425
1674 1303 1299 1295 3909 3917 1421 1422
4657 4653 4645 1311 3914 1413 1407 1424
4652 4650 4647 450 434 441 1411 1593
4656 4655 4651 455 451 443 444 1592
273 270 2866 2864 451 448 1586 1580
269 267 2863 2860 2861 449 1487 1582
267 266 2852 2850 2865 2936 1485 1481
264 262 263 2869 2932 2931 2942 1476
262 248 252 2871 2935 2950 2955 1477
263 266 3450 3468 3472 2951 1484 1481
71 1
1547
1546
1541
1536
1532
1528
1527
1524
1522
1520
1515
1512
1508
1490
1505
1508
719
715
733
735
739
742
745
746
750
753
754
758
762
765
768
773
778
780
784
785
786
789
791
792
794
798
799
803
807
808
811
814
817
822
826
827
830
834
838
843
847
852
855
857
861
866
868
872
875
878
879
880
883
885
886
4 10
2877 2871 2861 2876 2876 2884 2884 2887 2889 2891
2873 2870 2852 2871 2875 2880 2883 2886 2887 2897
2876 2874 2872 2874 2876 2881 2885 2887 2890 2892
2879 2875 2874 2879 2881 2886 2886 2889 2894 2896
12 7
2846 2831 3967 1277 4760 4117 4121
1085 3120 3962 3978 3627 4107 4108
1083 2954 3978 121 3637 4126 2601
1094 2955 117 120 2597 2588 2596
136 131 111 119 3900 150 154
818 2070 2069 2084 3913 167 171
817 2711 2080 378 383 2071 2060
798 2703 2705 395 2069 2052 2055
805 2705 2915 2913 2087 2085 2095
1189 2919 2914 2912 2908 2097 2100
1186 1179 2919 2916 112 96 105
1181 1170 1187 2920 117 116 118
20 1
4149
4132
1453
837
4182
4180
4197
3772
2481
1651
1658
218
207
2116
4401
4404
887
2489
1525
1547
5 5
1 2 3 4 5
2 9 3 9 6
3 3 0 8 7
4 9 8 9 8
5 6 7 8 9
1 42
906 902 899 898 897 895 3607 3613 3618 2931 2925 2938 2943 2945 2949 737 732 728 725 724 723 720 716 704 4055 4075 4077 4081 4083 3252 3250 3247 3242 3239 3235 3233 3228 3226 3225 3216 3233 3235
1 4
4665 2403 1806 4801
2 1
1575
1561
1 67
504 499 496 493 490 487 486 483 481 479 478 477 472 471 469 465 460 459 455 452 448 444 439 435 434 429 424 422 420 413 421 1467 1462 1446 1464 2547 3581 3576 3590 3594 375 370 375 2343 2338 2335 3823 3833 208 203 188 3701 3705 552 548 562 3718 3700 3717 3787 3800 3805 3804 3801 3789 3792 2564
10 1
3434
3424
3434
3568
3548
3562
3096
2167
3092
589
3 7
1602 1857 3596 1213 3166 304 3282
1612 282 283 1201 1938 1957 3286
2933 2942 2255 2253 1956 1961 3288
