30000001
2000000 2000000 2000000
2000001 2000000 2000000
2000002 2000000 2000000
2000003 2000000 2000000
2000004 2000000 2000000
2000005 2000000 2000000
2000006 2000000 2000000
2000007 2000000 2000000
2000008 2000000 2000000
2000009 2000000 2000000
2000000 2000000 2000000
2000011 2000000 2000000
2000012 2000000 2000000
2000013 2000000 2000000
2000014 2000000 2000000
2000015 2000000 2000000
2000016 2000000 2000000
2000017 2000000 2000000
2000018 2000000 2000000
2000019 2000000 2000000
2000020 2000000 2000000
2000021 2000000 2000000
2000022 2000000 2000000
2000023 2000000 2000000
2000024 2000000 2000000
2000025 2000000 2000000
2000026 2000000 2000000
2000027 2000000 2000000
2000028 2000000 2000000
2000029 2000000 2000000
2000030 2000000 2000000
2000031 2000000 2000000
2000032 2000000 2000000
2000033 2000000 2000000
2000034 2000000 2000000
2000035 2000000 2000000
2000036 2000000 2000000
2000037 2000000 2000000
2000038 2000000 2000000
2000039 2000000 2000000

