500
29143240151281384134
34057733608202369490
85989498467124878537
99425158525624326104
65319932124184170076
31753412456135237320
96728628244456476654
40185414471358115871
20055652523843286876
62211535080456136089
95391146566829950069
28188649686643652507
62207611101823391139
16879140676059287852
71980598184433079482
59153554399033688094
37975644550465828624
51831137666056558429
17075886188651395847
58015161189512560880
32552543466649616844
28902949520989728386
78424072763699844071
21229258820546444602
73569726021503092930
30614203995699654691
52696662570376075467
94325374064315011758
40500181811511995228
12475961730283551073
50182089002148404920
67735648102771295606
26835288821336626256
26753104617895335060
27783645899489231972
67295618592184418737
28814736010119961055
10534740047543774796
10687426330694553733
62642803164437868018
65432420922247706029
12309782537717440787
86902755400422681714
22379974197473974096
62251851516694448153
65991739908125763050
41504803852102679129
71605510740130945667
26141982073707538193
78435134999717109268
80224760884463132597
39024787691578855067
87160593167090279256
64374995650602905819
79415722450942035143
18262916475986619982
17119137423297625241
81735431300112257773
57240542624103345750
23305551001064459431
40393998896745664282
95919800349873212284
98110900266478880376
53301842485230547807
80002329777531773344
94764035326120639487
57939761886236658114
50518422872609467821
40676055561925444492
39074879239287320651
70874153856116205126
76918019341076173591
94492333719446839004
20218378410994144437
70375339394308178090
25428917024107929276
63335045286462108988
28253759237686844344
84022219552894146705
10510378532278619850
30149576029971017507
59821118253545325877
98607456481527838703
64120772532365192674
77714727738010952048
13873859206875323724
12628022628220194440
36139454467695196413
40210308093791635195
33747096911169786700
20889423027032797913
81335155212701315452
79229072458622430582
44280699775552765690
53475444712334623172
85922887867147261847
74930698426931677973
48202924345135616278
54211635727235557025
73791962550464829702
25646703127365982250
51400703033042050536
58344430646431124229
51116818320579470663
15662553067420830870
60548197736580618065
29064329685597659903
100000000000000000000
93608914329965542648
39035770074463685406
89026881395301178363
49017935976573499877
89343915687509900476
46123637561713845574
76585446633516401374
69036964221583929593
31260626211144088947
92944184937480454772
30346397900528571415
82685125272002357182
42258612597951165043
17251623326793283564
34548448583195822731
51148968265092709423
45340785625518615465
51609789729044159155
57327260493599666340
83634339693101273752
35706808305798021902
43491300299836493681
78436296312197383995
80249049492459065578
50050910721963051085
60238712781948736287
42661399119745946008
95350935734955676168
28992594091567281230
28702994982639738641
74240663580551355105
10003950003517196791
43076110552201629723
58733028722200878623
82479981852369399398
70760175461825304456
45337520022394152136
23476674543560393239
98888766664443332211
78251663877332046057
39873116379224011091
13612101563875820187
41276531593685876352
50648249065802936047
78965709974994385135
89405908057456112349
62446419697260574230
29711340492948026642
27711119097045514522
34255115496636740862
69993340625424962840
15414834115495103306
87796051233257958086
91017373810456317493
36381604447429851484
12294321569940280837
35406893069105662877
45019559013292700844
78374302678715884448
16763489924375616677
47952230151948866436
67622794999832395258
52357469591215486140
62802205300548210908
50786813274622009330
76819727148237459313
18869727360394345113
80105403864343606183
69060771937487792283
43417830173251179335
81397330080957194255
66968258731801828504
90488908769491217793
43399411151444506543
24982744529683380972
87389682336619431443
54263521653719552653
38990943401617042543
27969372299534558588
77355570397037495101
90642248163890817847
14054044726679097844
75379677205184852843
20719401816154530145
92248434000777753372
10418473310591090431
20388757431023291578
55775081644738615853
99442010085435398424
35222447167964519321
15761321361277425665
49110396066160579593
39425907526226759851
87920330169501167291
53625861712586651739
64036275092228473905
87682645002166693341
41255663513736525310
90781846456721606613
84701398998461436528
12850100766068611392
99831501587355271210
71103812037902281819
46771440785393776965
99199563868050268494
12609874567870613031
41529773241372085550
10722105814622362859
54244612093415925964
76988722971744449583
60799516856522856276
23631702427280404599
71013215101195245591
60925741795922727906
32076895136714130929
96574574826122671536
37342013099408868041
84204064956684489867
30950373792634072283
71053510761941108949
65300771036825401219
53222977917093738798
67961380439830541745
67537818260447484161
36019309846622090974
25537708184046923162
92147937585629669276
95654609834489739403
34352906870754147114
91668566010414143965
25221276712648524106
50687706619262665363
23102822018436279282
37185517078876371624
85370517650040519229
33176332892755453272
52307123626729317340
28058914898034671394
62749751446503824851
29738096090345223960
50770328623970505257
85034411465056968253
90285985839669711689
38062348996934171804
78349375582136159610
40475237126703296007
81168611004945698637
88569199520966755618
84247491635177823963
10194775752870095212
80658302300126495677
14534500579670528928
91033980664403437401
48569668805943652252
28783776570752697768
25740043542976245385
27760632670599266130
62319707452772131207
70504150320645654489
61906538042151783632
16755793699164648463
24238893000878001128
88723876807643504957
64115672452221651542
34593213748946093354
37576309589139092338
82292956509213958493
12409826614643648531
83713550370423940839
14183910926044389516
58425717198610599562
18744915328100451085
65571694716493901986
96744824454097738708
32774338379432817987
88870055727515577804
86933570048754402375
58565863213887306241
22004722907386203720
99591995706055456515
81927063310067939765
47392515132856597024
66171917503871582990
22155413483517673088
25880745146335500392
20952026019490479995
46134042639211338779
76167597310525127946
82731521524684825120
93644659161095763725
44465254522536975143
85893310446960295295
85492603882570382935
97428742775174088239
74397362761268865295
94966533631081744113
92340777978401519955
53089463790929974858
61006602905232970324
92396708539111644159
94822937502176617804
31300357336989396362
39421182186682355826
96168483002330078762
60852853386074463655
67288238752570247248
45616637057954778454
42132185899424348451
86858658418203573875
71485870125978867551
41052936540184902012
74798789226179271814
90237683395164129440
22287803216692005013
10963820840371495244
28003582029993706285
11767528663852299954
80545039269756190846
57736569368621035460
94672099184682408725
58291684413565512703
90002579252592380789
40797763347889499782
14033255651196958415
52525830384506913455
34099770138478165493
42470308161192564219
24990490008173187562
87460927963070439839
17477502595624826344
29733008146380239069
19933295711704916831
10237792027472530193
81061738088117196250
65254107602129677993
86450557231573025371
20080808862474663782
72845060275394901184
32798642906088816260
73954350185592841879
15670107129577384958
45377865333158321623
21798072982826417156
24459795248524350306
78101259598432491619
68102542113382116926
51283154406135770494
83840019297737244684
30959129139156101576
29720151143572247111
85503006099935206959
61477883146310964962
39592663265382572041
74567695817852724469
82951659552767686653
31695958910974707003
22333830166509825317
60247490855299815387
18655964300368533038
18360328375412184637
52770440291800065207
31501088738607343971
79886031499024513445
30567513788406110715
94347964740953542177
57523711378887993627
71391184790521151243
38329803913785222358
57459395783545072792
79207176480135044206
17187823151774282609
70470215576181056481
80941512264509518234
80924356081936909548
52931522813700892304
70816387266263406022
12494848732564350760
40761449349102769364
26641178509237368619
33878294151036174314
36019221257152201281
13074727952646870485
84283219481021705232
56449209999050148171
30474865601189120369
33857753038761406603
42050072976663944221
34388981278694798632
94879637022543979971
47740414728018500893
45270155051125624952
19936090753256458720
60452743811693286911
58563361226677916367
10831349003858810893
74814851625192640775
18753501055540688221
64958231717234340762
37316171598578031513
92473802640149523933
80561391486688366884
87217586686947114051
53691023941063614412
47002430907364479571
20037760592877351710
37028037182043628967
67329659062128061498
89763016119059500332
49033491764450377638
70655795308702943188
42646527868643237577
26767545105412755906
32821609041329988035
58419833075858946782
82547295701842570065
80991246680239366878
30120937006305326973
76721688598920579054
83994295648181092006
54039817389104008153
86537212866756698789
81804653132415130335
37420090087761438331
44010629232445897590
95084457940480936350
78221160166833133433
79453320686918122801
58521293562791772691
52875488194965567344
25281051659241379315
21205534096519812268
10741716251384223900
77786660715250195542
82473547510384406949
96158571953652037633
92762609501761335113
25152445241579293590
68538289127471751801
67219254024808060098
50583384478222363829
27714556209529813854
98571468886859854123
66704532997153816381
86044758572530888240
96572824433856120602
98395822095106498595
90021601604783344710
22755297406695723193
13983387415953835808
76536007510190178451
62242598174739058760
38328443723333504686
47116713974953561245
39544475372460805012
40607448373587908120
71082636449949607691
71529305465739110402
67748579641367356463
95854461685275511641
45894103676880945407
56050031570283231651
61805105242217601619
12966840681790264789
34348259675778939459
42528985001189729966
49681153340025406765
51673037738641866660
51930881866293118291
47082952125532320008
59706221290505056043
29360160781987969966
82397051283922243061
95865361319033111407
17691294255554089211
30671772460239954771
76992019962783769241
26453409605329895500
79777586489368425995
20927963849804398436
86268263375303953245
20317455071273413021
24852635635414937430
28676411733578754886
10169057502815025266
59816233204930190927
10103334554887000575
75628819883854201631
11577248609242724684
34905774545450225739
60805844267457568878
32571752500461528364
88645767480824115638
