103
966
809
627
81
607
906
12
265
301
122
75
178
347
867
966
60
866
500
472
507
776
199
493
214
250
622
515
851
991
105
890
966
850
461
983
465
376
931
730
613
61
741
791
344
553
702
404
363
210
813
870
923
20
372
145
206
930
660
1
929
765
892
903
560
297
830
33
609
769
700
167
766
449
958
119
938
604
459
310
751
216
188
682
236
496
763
443
434
431
444
372
140
280
219
700
514
58
670
131
763
314
298
538
699
201
593
646
741
988
956
436
213
88
62
385
585
825
764
27
200
153
335
341
433
555
977
883
549
591
951
256
905
193
730
613
330
331
203
80
264
167
452
477
191
515
862
776
348
635
740
549
724
19
826
101
510
747
985
67
347
944
260
196
145
990
809
412
330
948
492
530
59
944
15
251
403
813
35
752
392
711
245
124
731
15
226
249
762
219
253
117
107
513
250
188
511
67
600
777
24
36
315
83
917
266
270
328
88
242
24
416
953
205
541
628
220
703
814
983
858
75
44
965
524
294
97
971
298
634
757
258
606
16
277
467
219
548
796
243
790
756
659
687
962
144
324
126
847
146
117
713
157
98
622
681
392
656
660
626
298
361
884
840
314
106
316
533
654
56
712
388
812
379
83
718
524
343
845
315
489
898
37
582
4
595
271
397
259
868
959
493
173
852
342
487
958
594
956
556
650
676
944
470
0
963
133
460
315
978
775
740
884
748
267
889
352
474
230
547
350
197
977
460
985
263
883
887
857
848
451
515
468
339
921
404
247
62
864
498
976
584
182
869
340
449
702
628
924
932
184
218
73
169
678
3
432
570
890
233
362
286
748
766
561
613
179
808
676
979
314
596
571
433
473
912
882
119
548
814
987
668
41
69
773
655
72
149
169
898
382
531
192
74
242
690
688
421
506
308
344
757
904
916
198
322
772
88
441
264
839
437
933
816
442
714
415
450
864
585
356
190
124
485
265
366
183
953
723
625
205
76
390
117
928
524
375
708
549
817
972
396
198
849
156
640
508
571
98
316
164
390
506
225
875
771
527
66
668
259
692
873
271
26
927
143
551
310
851
108
71
767
440
269
625
596
845
77
111
943
393
276
342
899
437
161
615
964
228
291
167
856
109
438
882
972
581
377
226
376
485
298
152
861
503
713
465
357
790
577
244
191
789
586
34
234
748
649
206
912
877
374
776
922
748
602
902
274
980
136
586
409
370
674
279
874
395
680
175
129
201
419
256
926
942
227
168
634
876
311
490
697
621
210
627
313
812
473
523
736
546
118
90
916
792
369
734
132
985
909
197
131
273
454
65
159
681
234
793
501
481
291
207
110
501
770
359
257
188
883
2
734
9
92
594
737
397
337
869
326
190
75
457
399
465
523
558
90
693
295
591
182
522
734
228
959
449
523
225
637
414
163
315
359
191
909
41
524
190
910
850
381
921
316
716
330
775
283
420
476
514
948
594
45
690
758
12
83
289
173
720
640
336
43
935
463
889
976
987
87
831
782
468
696
42
129
35
817
412
391
237
862
347
767
907
974
469
920
65
694
37
722
342
374
701
286
773
598
206
769
686
45
559
98
742
537
227
777
362
575
176
535
446
460
310
297
442
715
161
443
417
199
173
696
573
875
918
354
417
132
67
47
178
562
146
920
107
309
641
405
821
753
940
211
221
194
508
599
909
670
51
335
869
160
39
386
971
957
676
397
33
744
444
211
250
526
75
358
772
652
699
601
414
648
812
571
842
328
115
696
934
102
967
811
262
14
205
242
907
818
575
940
570
955
96
756
490
171
58
270
824
758
807
182
414
563
689
200
891
804
832
834
906
807
589
113
821
731
355
672
557
930
621
71
893
717
827
327
824
886
533
592
652
284
710
10
847
408
146
747
156
979
525
7
794
122
120
560
789
411
240
354
285
797
425
122
458
261
386
291
91
919
883
743
212
602
689
3
946
835
750
46
822
219
53
625
278
109
193
75
520
369
430
741
175
791
864
633
60
258
924
151
121
752
830
269
298
527
273
188
371
959
234
137
123
288
762
401
333
891
412
790
269
778
539
380
578
347
21
638
541
882
726
663
578
500
868
876
36
85
72
343
53
306
480
112
530
187
513
864
22
861
662
227
648
145
607
234
493
565
808
42
455
478
641
41
979
454
853
951
539
861
302
528
175
718
640
642
841
97
450
864
959
56
99
615
201
643
849
630
216
601
609
671
88
258
648
75
648
445
34
196
314
272
660
489
926
309
75
776
406
525
584
309
581
619
924
719
270
717
357
486
327
966
101
351
169
685
426
817
138
396
949
452
604
618
878
474
863
953
258
277
423
778
523
940
406
455
667
676
117
961
107
380
935
208
731
112
830
165
866
968
497
823
429
109
449
251
519
256
212
778
470
571
500
1
520
906
392
131
527
509
100
634
889
972
778
628
28
616
729
894
529
234
726
894
279
119
153
799
376
301
521
846
873
957
783
337
872
183
468
343
693
505
977
526
485
699
163
513
260
828
352
789
7
86
627
222
141
780
957
453
89
422
243
962
388
34
243
268
154
712
611
847
161
532
317
646
175
416
103
435
253
455
168
260
477
795
418
555
519
384
16
609
806
196
515
202
166
759
406
320
415
25
111
576
493
429
166
669
845
205
48
42
661
153
238
82
884
657
637
412
49
590
957
791
786
480
2
888
183
408
217
598
370
264
118
863
629
220
540
483
426
525
461
31
678
700
113
570
365
751
982
350
349
947
149
79
372
87
967
555
496
128
98
802
393
152
673
958
373
158
449
735
683
847
766
305
555
815
875
856
574
802
150
859
693
299
938
9
323
850
501
755
978
599
565
315
751
246
282
68
340
667
739
959
522
513
272
21
337
92
877
847
894
35
715
531
271
597
477
530
455
978
293
378
585
858
693
280
48
911
285
389
523
32
356
53
482
629
11
755
657
824
610
495
796
269
34
75
867
511
541
330
497
834
708
26
700
346
243
684
265
528
81
788
560
374
778
978
939
789
741
604
557
360
107
361
565
77
372
440
525
913
771
30
755
423
985
399
769
236
92
971
764
109
703
268
483
425
255
366
158
932
970
716
300
21
85
802
99
458
250
624
379
957
590
79
389
519
478
102
755
506
17
463
616
721
732
43
154
923
410
313
863
324
37
108
282
122
910
381
516
168
941
896
70
475
975
459
3
397
497
758
840
515
230
464
244
898
443
334
829
789
647
636
58
620
744
340
679
662
657
203
767
606
107
837
89
26
240
92
360
737
851
208
196
25
608
376
923
59
711
696
785
302
340
843
859
29
127
546
691
784
749
402
398
793
183
423
755
359
452
123
41
247
331
237
272
939
614
139
935
269
835
664
571
119
451
438
148
578
920
776
370
678
122
704
415
306
71
178
665
523
302
706
770
569
880
978
517
502
125
396
771
896
68
286
24
519
661
172
105
589
884
411
211
15
59
626
321
66
741
922
590
51
573
304
620
461
291
81
899
416
477
614
257
545
900
281
8
505
389
49
39
218
460
250
233
455
813
490
522
562
420
56
613
929
296
177
398
587
195
241
940
672
855
205
162
700
422
106
213
747
156
252
965
616
439
206
16
260
632
474
758
989
466
315
926
762
492
269
358
687
510
242
304
374
383
402
82
805
508
231
496
664
484
470
225
859
612
177
63
253
651
821
250
125
144
120
823
572
389
125
268
900
367
508
282
750
846
364
499
362
595
932
963
23
346
132
818
958
309
881
155
960
710
341
29
854
462
788
435
851
914
639
759
289
91
977
976
937
285
419
243
817
295
214
840
641
346
603
544
591
492
699
495
147
977
524
937
447
321
316
242
179
955
938
404
982
923
388
863
217
744
115
42
47
265
818
625
548
365
177
147
858
812
643
941
797
111
886
188
368
211
431
547
110
313
952
37
180
284
900
397
964
23
375
20
289
138
645
773
439
758
920
241
578
507
190
384
619
85
572
923
232
939
479
342
260
375
379
441
659
224
774
632
247
94
588
472
168
177
253
607
935
118
849
521
625
975
841
188
68
358
120
236
305
535
515
502
910
830
879
513
62
597
89
310
691
613
718
795
790
908
347
669
962
140
135
531
123
976
720
128
342
776
364
584
319
879
94
173
718
973
622
780
578
712
34
214
333
689
945
68
605
300
737
511
440
808
50
564
793
706
628
79
490
0
663
745
880
693
854
542
674
485
330
197
205
301
347
474
990
300
542
539
537
224
58
913
40
108
485
769
815
57
785
249
58
456
3
874
158
857
424
768
286
690
901
491
991
256
902
925
493
452
472
38
612
466
951
589
575
381
302
334
438
95
519
432
552
458
314
646
260
738
422
546
437
268
974
372
524
884
306
953
280
778
927
893
253
887
426
764
212
728
42
586
760
561
27
256
956
341
902
224
24
268
770
461
472
752
833
5
644
147
894
925
862
830
762
59
661
132
823
873
796
801
403
564
306
430
820
270
708
666
494
732
871
273
201
351
961
970
292
614
62
195
483
924
961
189
983
630
321
750
511
125
495
914
626
801
289
390
80
5
1
574
737
0
