4794518
8450089
5736815
1072989
9067632
7483139
6889070
3766828
1387559
3555379
9152862
3213318
1412994
1635598
9946117
2996901
770085
2220314
7778651
6869848
5834802
7009694
6795341
8150031
5786983
833857
2019520
4221107
4725977
7278547
9473795
9520495
5728636
7727176
593483
7312834
5210315
9999120
1079661
9114441
6071065
232522
2327759
7484059
4384687
4790442
480959
5154772
9527324
776176
4541186
5362125
7785871
1336527
6028722
3572853
4686951
8048242
7793961
9412928
7843356
9784322
1449988
6088558
7511498
2043471
3401391
5238379
4559158
4481052
4352819
3146789
7230141
9197145
630848
1614827
3987587
3628374
9286166
6031477
4404551
3827351
1393601
2190421
7680445
9938891
8279841
2367395
503698
6073801
4296889
8347054
8374690
5746877
4435611
5886187
306915
7837002
3641132
7382640
4834620
510517
529428
2064760
9707663
1160276
3679587
6211816
7305218
5482319
2243292
1709768
1826237
6153460
6416756
9506682
8608917
4696596
4390644
9112616
3286964
1204099
9976236
1661653
6950977
4411847
64406
9774459
4765415
3705538
7157098
2116602
4216055
203092
4181362
6440284
1363369
377516
2652099
1185153
5859835
7411958
2894921
7686072
6081985
9311677
9709321
4690901
4008272
6616531
3803516
7295236
7820630
3779752
1473455
4771606
708165
1537861
7062631
7990147
7759966
6736295
106748
4492588
6939388
6804678
932871
819323
7182194
6101538
2004476
5558595
6030062
4899397
3244667
2112046
6727640
5470554
6802948
3252478
2087084
3123030
547714
9907714
9419349
4537736
7195887
127513
6075598
4258517
634227
3835563
3511379
740975
8328151
450766
62219
1777589
1270089
7244413
395693
3274565
2803008
6425755
690528
8564242
8537802
7418168
6551362
7857316
670645
8638446
980345
3734926
1062725
399694
8272663
8258612
3043774
6864827
5033696
3678001
700389
1061641
6935544
1545107
1512407
6997763
5839263
5299063
6758743
6234956
8573628
2078317
5177277
1780722
3159125
3715078
9198890
9710487
1572393
2386101
8348932
5069306
8637595
1928223
7985567
6910257
2703402
1029340
3775083
253664
7223909
6992039
1315305
4159452
1053712
2827712
3673781
9409542
8126775
2949090
5644497
9216969
5027407
821774
997690
8186532
7053419
2713146
413584
1142379
7615814
1279082
8728252
6253408
3207306
6713818
5680231
5910708
7743158
1971880
6164372
4967066
8963920
7479677
1643084
2534198
2823955
7833433
1943740
3467296
782522
104803
2684264
8326497
3443144
6198521
9029595
496563
8911667
9443180
4155509
6527480
3238828
2883760
5297455
6446134
9597578
977685
4873408
9857302
2949566
3554346
7340935
4430052
3550589
8984019
9480817
6374544
9334018
1424556
9841840
2633107
4045927
5042670
3476170
7489071
1241190
2505764
502200
2669423
4465510
4657709
9196904
7704339
58035
7010925
6667039
9655613
7988610
1540447
2029481
3454742
7611360
9370416
401360
1161949
871000
9882178
53059
205018
3823300
2411466
2838125
7869227
7454136
6314295
7874865
1211893
1336625
8377065
3881316
5802136
5551341
5594786
6023041
8125943
2605710
5206646
298122
3110887
6747093
2327603
6565629
6875020
1698018
6966990
8036969
2569018
9365734
606594
2774036
3189033
3018060
8128728
3574827
2988763
6959589
1449691
4200656
8296215
2343322
598538
6614917
411229
6193325
5154524
8537173
1315601
361169
8835295
4426488
9624830
1162897
992117
6499849
2860915
475673
7053384
7946500
9841407
7659978
720536
5547006
678038
1365830
9121833
6183368
8325420
3088090
2900590
9138201
5431413
3499128
5753117
8359209
2209019
3424207
6896381
3524621
3785376
8248242
7951109
3410205
9411139
1459792
2426620
4788620
4452032
9480004
2735120
6810005
7139982
5972223
2357011
334586
9854620
1478843
9034521
8180039
4566934
1935110
9834806
2514913
7950805
8104489
874121
159824
1528695
7770503
6201012
7830639
8535311
6668687
1240843
7946450
645046
6184031
5251636
5097078
5664034
503322
1907083
5320582
8992112
4264094
8171735
8846732
8259504
9722822
9543337
5343004
1657931
9378143
7857917
2125303
9999198
1248605
2285127
1527893
1535674
1002705
9358532
70984
7671392
3115941
8017434
833004
9299972
5785637
5930083
7480573
8805526
353732
5317721
7797638
7134393
6006023
9160936
5393896
5728844
8704272
3253467
7386776
598980
1111383
2028645
598178
2359988
4313772
4642638
3895662
7833044
4001169
3966647
8021002
9633677
4500647
8854007
1450215
2802850
4784089
8930788
1608376
7654388
6765075
1922580
4788780
2771097
1083515
2699242
8499942
2304353
5952709
8403284
5419901
9580660
431928
8534646
4457214
7262267
3177283
869443
7611877
9695019
4836090
5632878
1845261
1853303
4486884
3295476
7172721
1787539
4742830
8781097
9441927
1507905
703676
6747273
4279002
4303758
9446516
5295510
6608111
7915791
6215360
2028011
7496450
9163855
3079223
1953664
8942688
6256506
5339674
6554564
8468091
2692330
2187442
313352
4545633
6674326
6125395
4234920
8461866
868225
3016016
420358
2376130
6236259
7167632
9171699
3056583
9130714
6983776
9664695
7046504
3199135
4209272
7059521
2362990
7288496
1529751
3822244
6061568
6869425
376808
7046226
9561755
2564250
9876145
6623954
1755142
6001539
858874
217007
6869764
6391457
3153933
1762460
5144283
321564
934159
8200866
9452278
7917935
382126
9015348
3633636
7107966
8591435
8513193
6913028
121185
2335437
5491162
6990610
2712245
2537387
9068931
7793062
4930098
5692885
9548204
931637
9068326
9765212
317967
5459782
2919144
2080428
3120631
5757275
5531154
1321497
7726119
3449088
4220190
9258033
9599291
1328155
7849468
8112484
8241183
7970653
2964487
3732345
7477830
5676732
8786299
9063327
3469793
3716397
4756211
3017996
7164601
6341103
5299774
7482568
4317452
735484
9562996
7438083
9009326
7610716
1276146
6735444
1059803
5496337
8510044
3175661
6824492
6359511
3804711
7582242
4330163
6769198
3831153
4324559
4962496
2617451
3387886
8432289
6333848
660663
3966851
6015015
7001767
1783192
3497583
1319218
5035243
5577145
8757301
6561136
3187861
33447
5813146
6764231
8046351
4323189
9939892
4870842
682699
3744602
4969650
7529430
3030366
8800803
1853988
7992862
1418254
5241874
8941717
268668
8419105
2908568
6283684
5420871
7208327
2297833
6740089
4760136
7874978
8013956
1321271
1062838
563969
7134418
343636
8610320
1457606
2800094
5997729
2140306
6544697
967378
2186302
9575063
9768182
4040290
84491
3703002
1798731
9026208
6488237
217835
4451342
5288487
5638706
1659668
7586320
4895361
6419805
7977865
5425883
257642
1557269
5989853
7392060
1900905
4600172
1366233
4701000
3114467
3506539
3762263
4081846
5692841
5853892
6366594
2249697
5938383
2586162
4048428
4964591
1590965
6782830
9415933
6879453
4938102
3592168
6982339
9833463
2528539
4960203
7775913
2786181
6517473
3765765
178241
8418378
882503
4061041
5635944
3996971
84146
9398207
595383
8293554
5252099
9478544
543250
3707048
4581272
7108246
8671639
6172237
3891075
604138
3051689
1345744
4196306
34028
3695773
6724845
7510798
1471685
9511026
4028270
5237450
2205833
4963215
6119954
6266874
599158
2633491
6351020
2513932
5745441
4644573
282597
5223984
7704391
3989645
2321822
4812636
2661284
8494059
1220277
3265422
4062315
2566021
7461728
6612910
6261795
6703139
4123707
7733480
6214164
8151978
5487497
936564
5631759
4124017
7203438
6230917
6757508
6071025
1261415
2502948
3232164
1544012
243498
936554
5533658
2565320
5749190
711508
3575945
9486035
6493497
7638260
2052055
3955224
4251169
830416
3174929
891443
8563897
9389093
9043421
4051393
2842223
7191746
8175410
2562228
5939229
7449484
8633253
7200645
2468998
1865416
8744657
5229063
2801971
6794881
310949
1067727
7506389
3886894
553761
3999885
1525154
5122384
471675
8292890
5952800
3646604
9184333
4516696
5552264
744319
1084655
8394487
7936065
1776631
3473281
6391861
1742681
2106533
3592505
6728246
6488517
2337161
1957308
1807054
1648609
2268257
2874781
9154998
8671719
5945110
3154883
2713439
1067493
3626558
1006328
9536860
9789730
2707228
6570123
5341993
5968114
7654778
6253046
6420746
1947976
9726328
2812606
3690657
4349427
6405111
2935470
837943
1258838
4892778
5161564
2907447
9677603
552912
2062445
8349321
6498022
7733895
1062759
82081
3877019
4585654
9618941
6183315
9809449
6189063
4041874
5777563
6360408
294920
2198308
8308384
2537814
5010914
4515607
9403808
3932591
9967644
2758318
5191429
4860422
7919882
615443
7054591
8472794
5194455
7920478
7487382
2928349
8983237
86029
9321935
6085457
9704971
5505250
5894906
8410600
9547124
1672468
4771007
2358610
6387343
5595957
7412991
1398256
2628131
6816799
5330847
2595774
9575117
3038842
9972763
7494998
6170852
7027353
8484359
1365306
4947830
8488307
6810222
6447633
8574337
8648724
2533090
8279307
4153973
944562
6689906
6217663
5133597
3977480
8576274
1520939
2090003
5989264
2919195
4718134
2806062
766608
9830476
4897745
6322017
9803238
4909310
2492869
9347158
3393668
6374742
6811554
1881974
5701531
3259187
456310
4350254
8308844
1252183
8504227
1769972
458656
4721889
6903569
6952703
5814729
8424508
9042706
1803993
1343702
6277407
7126622
4626877
6107882
2024367
3465460
8427686
9450244
8474896
7774843
2843911
4849638
4586397
7242452
551168
362150
215329
4901422
8670994
3984079
5922215
440965
4442735
644103
7344534
3912004
8975400
8285608
2954710
779392
9629310
1748683
422580
6772753
7856565
4963514
238212
8800817
4413757
8713109
6575660
9774235
6079313
3678623
9533254
9147048
4040773
9748583
4048469
5228333
3732661
9970684
8185865
691963
3131353
5530398
4603967
2106752
3816005
75243
5402711
5961881
1823926
8341859
5251200
2197057
5821939
8005979
997874
235696
9235654
90100
2526497
5314966
3768723
2059750
4462013
326062
1808332
1027048
5554395
8057561
3514298
3740259
1266090
9162219
1787223
8386624
3785537
8119795
8461868
1704815
6598242
2802360
46673
4366008
7515985
5868612
2371986
1030425
8620875
1607640
3637092
1147372
9439173
7405815
3207122
6417753
248443
7532022
7444801
5802838
5589582
3475666
2059663
6855672
2637884
6363453
7758862
6423421
4483247
6220729
644802
3598055
1539656
691475
7964063
1572207
9076655
2852615
5119199
214095
4460255
8756291
1361467
6415995
6162105
7085157
2833747
6410548
4617178
2795114
4729952
2723326
6270780
9306182
2095564
1425230
5669634
9854426
365218
2669447
8591722
1010020
6267502
131377
1701496
6748131
4220151
3294717
9600746
9339350
3508812
6577568
8095640
7386847
2993562
6774311
4472003
5827309
5701425
9089181
8622423
2947943
1812506
7409770
2254124
3908070
8835000
7923758
3762495
9200218
3109771
4870783
210238
1893839
7518727
4428301
8641970
1738877
7723018
759281
3594793
3748396
7336849
1690432
1135242
2846977
981309
5607245
8674286
6682734
7212992
9813276
9630677
1542064
7223045
4401367
7966701
8574611
4841691
1729196
7774829
7951462
9116546
501633
2361867
6635273
4929934
1003836
8374150
5169518
4279685
1968943
8917914
4133100
6175942
2569723
6980078
7157252
8176968
5654363
6356552
7906527
7984205
5987229
9448591
5207249
2905162
7415292
3781860
7746854
1661054
4073255
8214882
777599
4574888
576749
7412872
2021388
4097152
8303589
7190906
8376837
272531
8625386
2509937
8965040
1195108
9490015
6122291
1888643
7660944
2478843
9795170
5645149
982638
9243760
3368964
3887800
9175618
9667391
4151220
836671
6257212
2366102
4130838
832099
2942851
1543709
2853487
7040003
9847298
2560959
5416840
2636395
1186345
443343
1601435
2381453
2449924
240292
4270096
110867
2719135
6581832
8272583
6218340
8342159
1641547
2622707
7517776
3825504
6773927
871014
82716
9140029
5001852
3431382
2082879
6545561
8801437
1639449
8909426
1362395
9572856
4062387
2548740
16198
5663822
7446761
2466122
8420682
4233423
5093556
3656383
815255
3366139
9874724
9157414
7524253
2497430
9191756
3866323
1787923
62769
3949039
3444519
5064621
9896989
8043965
4126749
8698425
9683414
5552741
60819
9256269
9615128
5126127
1789033
7795517
2572887
4255155
6216198
9322877
1865278
9872581
138131
7747984
2263870
1812111
7788803
7277867
3520434
1655125
9065791
3583203
8120732
2510309
1164391
8017720
3070840
7807707
6716144
2754254
5877014
6776963
2010522
8008708
4419656
6316123
5804224
6992543
3087844
4536988
6315420
4953122
6926136
8970118
2701105
9190006
3298796
489907
8984440
6819230
4661600
8050230
2918999
2782331
3077105
6599957
3316617
6147945
6924230
32760
1418765
2801243
9326290
5945855
3326518
3745946
2261977
1647308
3255055
5349821
6184297
2087041
2819510
5626999
3573726
5520615
4817004
6872522
8527090
3801443
6208318
5705256
4368239
1643883
8487587
9961911
760407
4320770
8626423
201203
4353530
2561754
5519014
6196386
8507609
8845532
2458898
3286152
492839
5713954
8635974
9193703
317561
1455483
4820701
3891287
9492665
2154272
3280375
536320
8472282
9488693
6241576
5357088
3649143
7245729
5318998
6926117
1566498
6461987
7127320
8436595
1540308
2646333
4632981
47916
1491864
7091879
3334069
1984704
5322399
4486609
3694973
5639961
8458659
8515675
9531248
467889
669946
2811623
1004210
9142228
4816882
9762353
4499315
982591
7008082
2334880
7908708
1091146
1313433
5036028
9527742
2853741
198927
6677289
5418225
1690792
6285734
1268860
6192063
1608133
5755469
9887036
9764661
6730694
919276
9295908
7198583
1589222
4624097
719359
731450
1957546
481712
7747332
2940137
7489794
82211
3365412
1097506
3912212
918006
625247
6765953
1116933
7302536
2184177
5324292
3588270
3453037
1516354
7712970
1725072
3919957
7477630
8455766
4839233
9290104
8170916
6428456
3914201
8890275
9676473
8388314
9371987
9940371
3845017
9378347
2539149
7210429
475853
6451361
8128435
3617667
5733880
1761935
3436770
7918058
7086227
9541607
3887661
1119148
7254576
8129301
5039105
7248772
6585066
9878338
6538875
7272548
8823360
2969642
6162823
1016398
1357955
8051376
3473336
5202973
9946290
6012485
4929968
422142
4980412
5574970
6556376
714291
7336905
9993146
1148915
4423131
9534752
7553144
5542279
9305894
5682444
3097950
6554665
4784076
5492855
5610107
2056624
4316214
8579749
8219447
7849180
2454271
8787389
1322515
173810
8733678
9851567
7620345
1672386
4831978
3195314
8228763
5546269
532218
738474
9211752
7471917
273226
6764895
5530762
2095686
2447338
1145279
1166918
7231414
6638134
6777025
9288038
3470914
7873340
24050
3836660
2844177
8811440
5159175
3017987
61683
5010741
3154899
1734070
2359285
6350213
9962833
7905555
9398999
701306
7117306
9387482
3491099
3882200
7434810
5586786
8846105
8580089
6753704
6077518
5218222
6047295
5365556
1205703
3920634
7906173
5042363
9281379
6717612
2718105
4815932
6779296
245412
7970831
1029932
2604698
4321044
992764
3026819
6236609
4210637
2660691
5624090
218303
9059458
3058899
8321656
7905562
1638988
7591926
3983079
9373777
3639220
1865201
579479
76420
9771375
5621843
9357799
9005553
8339948
6690298
8301415
8585360
4661128
9331347
3706624
8982172
324110
6733443
5218780
7051315
9394134
3359436
9786185
8453591
6418336
8107840
6359152
573890
5699765
2858798
9947667
1855551
4723999
3043713
4448538
7011940
8665556
6322904
6017493
9522070
3013201
4318907
623995
7674329
3650254
4330620
9173068
6490931
1064062
6908414
6058812
2974763
267850
5844996
1428353
9202753
3952835
304072
9776643
2169166
3162870
9724309
6541284
403435
2768021
3506389
7415376
3950143
9829293
3432868
5988779
5359060
268341
6612775
5549955
3918595
3459961
4723022
2926093
7040590
4148003
8984905
15352
4415853
4829901
3960273
6135172
1299302
6780912
5911814
5985036
9943782
8152689
5042886
2863783
3437277
8549275
279158
7387420
895133
6228593
5892766
8770760
9013502
5022107
4320715
2932096
8482068
1560303
8374756
8039224
5708306
7359661
571143
2640725
4706128
7047983
8775897
8521997
3828894
7204277
4507032
6289242
5356966
2066485
9153025
8794243
3132326
1948750
8698229
4027460
693909
7107561
5314786
9707411
2129667
9635501
5156074
3128301
1195804
3530829
3684092
9420677
3407056
4255235
2061402
8113184
1303217
3353865
6635181
5132111
558142
3658779
1421352
8431675
5725264
3090943
7225917
8857591
5039693
8440712
5401617
8250170
5548273
716402
7957580
194506
351903
5630220
5839375
4064274
9161050
9523467
3484950
5084672
3778701
8062919
3197856
7598485
1416784
9833037
2730595
4491493
3491815
6668514
2923167
9217080
9759457
2665650
591236
7315717
3622928
5992853
5565886
1687767
6709255
6040032
1882274
0
