638
824
822
109
449
113
590
129
624
717
190
66
894
873
8
704
27
312
843
252
137
808
712
894
402
86
714
763
170
642
38
809
474
860
854
859
909
452
988
477
114
187
543
16
68
487
657
31
799
508
219
937
261
931
775
599
953
434
370
132
20
345
877
430
149
739
297
67
136
293
544
250
416
96
202
421
583
859
388
327
312
608
272
509
483
983
116
445
425
486
577
381
767
462
811
917
145
116
920
217
346
472
403
762
504
606
127
96
409
516
359
657
68
567
174
551
558
290
4
920
713
581
309
488
979
129
349
69
245
277
286
591
750
626
298
198
240
425
230
585
877
589
251
945
164
361
505
723
652
509
587
373
35
896
797
950
33
155
955
215
432
250
742
126
876
48
325
60
410
555
581
295
153
768
249
317
138
690
976
726
207
571
107
178
476
904
73
445
3
36
596
436
222
347
498
106
331
823
102
677
323
620
909
476
396
166
729
470
792
650
204
935
229
311
122
641
160
131
31
163
167
627
535
390
910
42
432
186
801
471
799
132
99
716
544
431
818
218
902
618
868
114
562
105
362
620
683
458
751
714
557
918
285
101
252
140
79
685
326
880
100
133
949
199
786
501
566
612
719
476
239
595
527
801
637
889
429
328
291
124
978
848
50
271
885
239
411
964
860
673
789
960
743
746
103
537
191
669
93
911
154
332
450
617
77
31
450
442
295
741
566
281
597
553
489
491
792
836
399
660
454
196
628
205
942
731
678
78
344
771
989
434
48
383
59
125
351
509
568
646
194
78
864
728
631
297
163
431
77
562
35
531
695
663
672
581
338
358
659
619
74
592
61
122
976
121
183
335
566
687
917
697
766
789
433
341
30
596
709
108
102
744
639
797
352
256
387
626
550
54
253
624
647
315
682
567
372
866
838
874
561
699
579
335
433
948
677
463
488
330
571
591
82
155
332
434
411
655
5
897
710
258
530
301
509
156
804
881
30
586
700
592
293
287
863
726
180
484
198
668
814
705
203
833
860
536
211
215
199
216
57
845
475
523
90
920
679
894
746
710
488
454
246
718
677
53
452
857
538
586
534
296
300
737
137
104
217
349
256
417
565
313
206
976
836
297
841
523
199
595
177
624
57
423
350
734
413
738
536
951
333
14
255
633
687
329
737
905
678
1
266
187
250
472
108
94
705
949
554
841
488
731
473
545
99
759
223
512
505
695
407
838
709
598
415
405
863
161
318
549
98
520
673
285
928
717
379
642
610
869
491
106
545
900
587
644
667
810
100
116
514
443
955
167
977
378
572
849
475
826
342
510
354
23
795
227
676
118
869
294
988
368
336
541
276
923
129
879
742
165
3
200
544
894
367
529
217
876
386
628
646
729
146
937
688
877
172
373
932
49
603
928
353
940
413
565
807
478
452
557
579
391
693
131
294
5
660
511
817
983
83
471
720
166
416
352
51
524
661
983
509
273
855
862
157
212
435
964
690
823
466
277
223
103
344
453
44
13
900
861
4
983
277
660
157
629
20
145
162
682
72
671
891
864
542
984
84
913
892
711
681
366
924
904
406
277
301
450
226
209
320
166
136
597
826
294
234
782
375
332
408
447
12
243
255
490
171
340
347
72
987
36
374
919
940
780
204
249
239
366
394
495
532
531
36
302
761
206
29
144
539
437
527
487
617
783
977
788
67
332
796
62
305
179
981
253
895
130
439
78
496
769
573
37
308
545
339
13
752
368
93
235
742
621
658
303
348
579
35
415
911
832
477
160
947
402
414
850
532
789
929
37
502
446
74
747
0
349
760
688
654
854
859
340
419
525
579
767
112
614
190
959
390
603
128
345
13
478
204
546
211
141
519
713
587
529
468
523
878
173
219
476
35
22
752
454
547
339
165
659
954
355
627
352
894
691
698
907
177
838
461
388
915
980
109
446
453
514
970
340
687
133
752
722
156
513
120
703
852
285
307
750
576
870
111
478
569
745
329
746
527
727
78
450
651
123
896
113
637
810
453
332
944
149
990
44
662
54
747
523
275
990
217
851
868
328
273
445
17
603
135
544
338
213
2
925
337
835
46
974
653
435
251
605
585
185
649
255
240
341
714
515
339
932
311
152
204
584
597
158
131
669
702
405
882
641
339
163
484
385
82
145
821
333
687
414
518
280
605
694
557
264
218
833
140
529
985
344
57
526
502
125
203
149
530
30
790
805
193
218
199
275
299
956
544
986
314
7
211
919
701
768
127
855
545
267
328
538
612
386
73
58
447
212
207
977
242
933
727
372
159
862
583
459
826
72
389
148
79
600
11
716
313
75
580
858
342
908
405
954
238
414
949
685
626
164
607
805
42
342
185
201
212
768
660
974
840
58
66
855
594
13
580
907
88
104
710
431
948
123
329
131
473
286
816
43
387
367
848
429
709
41
566
857
746
171
839
530
165
905
394
759
919
910
611
15
950
329
446
906
388
712
45
861
6
798
840
329
173
697
694
819
674
269
684
364
440
532
895
605
381
233
308
244
151
855
260
45
192
642
951
516
362
933
321
305
739
170
570
848
867
273
675
485
478
304
850
918
772
753
467
161
922
711
406
81
575
602
62
703
188
21
228
551
890
485
792
573
655
370
366
466
579
49
952
65
289
746
919
69
507
330
167
437
50
509
454
561
119
516
208
307
473
372
794
308
858
530
881
457
901
191
924
488
241
820
490
466
574
417
536
25
748
639
398
734
156
788
239
211
248
447
454
657
820
257
965
686
723
791
87
632
982
19
65
167
775
555
634
293
908
114
318
664
689
652
342
845
448
581
0
696
37
454
362
793
647
335
423
379
70
510
947
61
466
948
164
249
511
798
479
364
848
797
964
545
394
315
334
842
832
334
547
805
725
845
606
316
124
965
695
195
484
587
192
950
543
356
143
991
99
622
363
883
364
271
437
758
586
771
608
427
50
99
176
775
880
783
35
13
756
667
144
184
262
336
142
741
628
222
676
663
844
975
555
216
255
928
910
841
643
527
212
693
562
389
412
451
116
448
400
808
123
544
1
321
816
79
70
388
237
747
60
90
730
551
242
985
487
161
771
74
624
919
704
130
252
124
517
368
508
917
121
567
469
122
824
293
137
831
618
375
522
614
401
196
173
579
190
596
676
897
670
244
760
382
375
21
443
892
389
887
818
446
399
231
504
231
461
642
6
87
953
528
701
362
725
874
877
851
414
562
756
28
806
524
411
189
545
790
26
871
621
780
261
28
19
766
196
480
352
202
503
313
731
212
611
400
30
496
259
444
66
23
409
809
483
756
934
965
554
960
780
119
748
49
148
704
751
280
128
111
418
632
424
93
844
971
493
811
412
752
199
478
711
608
231
139
372
174
112
862
142
828
982
827
813
74
539
573
354
667
684
772
307
53
802
96
32
303
907
444
64
50
859
775
659
98
914
39
208
962
838
351
734
828
122
556
902
661
73
200
272
757
908
516
746
718
548
715
30
399
103
30
449
898
805
116
5
664
92
213
570
930
500
313
702
622
805
548
227
878
748
436
579
664
952
270
327
508
985
293
843
96
323
300
3
72
353
936
672
381
93
251
255
530
500
957
96
249
513
324
71
205
760
586
805
656
856
140
108
849
433
951
882
692
195
821
765
548
701
445
929
730
632
128
268
140
93
365
389
542
625
396
747
329
983
497
985
847
637
101
641
15
988
467
707
191
296
416
676
933
862
549
671
502
678
940
579
707
249
904
194
810
309
877
147
300
382
76
155
956
113
796
971
109
271
622
236
503
47
912
444
909
470
60
355
92
8
934
799
193
847
1
11
100
879
94
400
269
170
555
169
283
296
148
392
503
707
564
943
754
485
331
607
955
391
898
55
335
841
790
528
632
792
475
732
615
569
76
820
675
567
990
958
863
82
294
311
789
859
262
551
288
529
102
251
921
9
242
264
786
968
729
362
704
212
38
327
718
114
92
337
617
26
304
489
108
534
736
898
337
934
393
625
471
432
812
400
377
990
665
171
967
338
469
679
486
507
943
148
557
43
486
182
69
726
607
113
268
287
19
606
229
349
239
701
717
988
45
102
986
646
273
961
984
678
649
479
129
536
627
622
579
121
740
584
847
356
697
60
643
653
602
809
938
777
454
663
773
499
765
768
154
974
737
82
660
330
497
725
866
133
355
389
190
103
973
974
395
615
970
47
212
580
792
158
365
254
757
147
753
466
915
843
448
596
926
52
927
367
777
801
500
76
199
627
179
116
545
575
667
523
558
879
47
358
973
412
548
738
495
309
212
354
97
596
951
959
584
886
334
305
631
771
381
766
342
497
819
887
80
494
354
574
318
401
932
299
749
488
46
189
733
194
543
766
727
502
733
319
332
12
625
900
783
942
674
133
447
437
956
463
932
254
45
258
591
913
493
284
345
539
473
87
670
25
853
405
463
531
660
796
543
229
704
270
116
322
339
563
760
303
35
636
557
16
830
92
930
331
376
283
807
850
306
421
811
104
762
282
635
430
86
122
596
726
392
712
985
731
219
689
970
254
333
471
207
171
563
0
