1145369
8597139
8545170
5944260
9753655
3511924
1431318
9851414
1944215
3164858
4323546
3518847
235230
5991084
9009162
9919591
4763919
9916224
103989
6647705
7910743
4072489
325755
5555798
6857697
641051
9122003
5468024
5255263
3706782
1360729
8917199
2303920
9905899
7378025
4574142
5934390
8809343
4425555
7878605
1974200
8749102
1397451
4725997
7256752
2923180
7162154
2020670
2839403
7266143
1184941
750145
3855198
4027263
8822510
712894
7184881
7944512
8697485
4956710
1651293
58213
3873908
3955213
2480679
3768500
1045921
8415069
2577842
5471477
6293673
7068610
6737145
207691
1794606
6510463
3130871
8956761
8531133
5970274
6222903
2232640
9236986
2594668
6259903
8059495
3307562
3444784
6004006
4521614
8401494
7655299
4579827
4791969
4127078
9577073
8560469
5173000
7992141
1138310
3161043
6802381
8206920
9898188
7010072
2518093
8925217
140942
1474853
9972916
8627783
214322
2205555
7864768
2808990
982024
5924262
8633120
4426808
4444834
3154733
5344869
2100132
251126
2653404
8743777
9828200
1213872
3916776
7820340
4868749
9594386
4622720
5592236
2009139
4149358
8110329
934355
6806867
2101748
907270
5434649
2316070
3112825
5815983
5125061
6611417
4256811
6274747
3554791
8701645
9429480
8899660
3318343
2197172
1553063
2062120
2025371
5283502
8495463
2362278
152251
606415
9501565
5744487
2615554
3650923
6371382
3549910
2974356
8473130
6973747
8409006
789199
2603139
6741555
8430827
9214556
3514933
4705573
2769346
2216577
6651619
4185573
8051488
8848792
8255203
2630174
3390729
3538705
3642203
5753007
3690956
4248618
5254572
1952009
6864173
1422061
8323391
2930649
6912984
6796520
9904396
7838556
7585719
5024101
4580111
8533113
4238656
8095044
3238685
9524570
2828187
2406871
3710142
879674
1255662
1965344
6026415
4646391
5504049
9668619
2915965
1711571
3917236
687103
3663580
3297975
4625731
4503537
6228624
1538714
1300056
8649587
9377271
1402342
3673687
3957381
9935455
428910
4568991
5690706
9953480
7397178
614143
6180188
793419
1869805
8145532
6819834
9032764
6166148
6488452
1948728
394285
2922255
5152398
6574433
6220230
9778129
1077969
4965421
1316842
4894593
6131574
694112
6296935
2321827
7168060
8748956
2750737
1737050
6956228
5220783
1650795
7570372
1400970
2444214
1956743
2063069
1780614
989506
8229217
785633
5454801
8623502
3707888
607198
5197934
2444684
385326
8792471
7410105
4218736
3687063
3541678
4912848
9983998
8380073
4597475
1249519
1130809
6334525
722313
8868160
501886
8292685
269129
2946100
2765995
2332198
4726715
6272068
3077981
5512348
1726869
1701483
1736802
4850634
9415984
4181486
7752528
8208454
1591591
1971263
1895516
7649836
9400678
4396080
8546475
3998152
8162166
9677285
2849244
1401046
8545444
3351130
2210297
1331139
6297231
4976292
6179905
3540512
1248360
9257886
1569426
5491796
959368
3306228
342429
2891919
4280
8094957
3616939
4112438
66219
8029023
4278841
9466898
4941669
2825315
3465049
5620402
2502599
8830860
7021448
3564609
2181990
9231745
7412316
995787
4208037
3592220
4536299
5456397
2850105
8622292
948192
6326041
4445086
3807188
1734526
4449366
1902145
5351465
8561805
4484931
3380487
2840645
3951828
838723
5665960
9933445
6459125
685126
8764304
3480572
6766302
3462860
2712316
4178617
4458647
9436920
287403
8994946
7409883
3137509
133803
874641
1980116
4578889
4681830
3714642
9028256
6583975
1582673
7590060
3585472
7479728
430704
7537301
8318451
8613231
9987312
4777575
9298357
1268181
774713
8581226
4731042
6003596
2759842
9189689
5440516
5563813
701201
2850398
8701322
835004
3725040
3198004
5413894
923436
9429213
4442149
23977
1011885
4548775
3609449
8491613
7496046
3663316
9326630
6109276
3650627
4104204
7924200
7435376
7395484
6505425
2166417
3399080
1781833
3872672
8839596
7345646
4573873
4206560
8563534
7925445
448166
1761537
5855905
1371602
1190749
2814620
1395579
4719202
7363395
5005029
3210814
7376007
8668345
5054011
3485282
4835539
1674781
3926048
2270914
9070266
431472
6953898
2469345
4729873
826569
3825507
2075518
7917010
8032067
639052
5842454
996800
4917156
1698358
2368402
8624473
7029545
6280549
3343674
4392939
3802144
9071055
4285512
4987055
4125065
7770794
9822594
5799847
4213409
4610074
4870112
7161448
1563971
9856024
1891320
4907108
3681530
3966839
2824117
4230163
7122458
1183137
5226963
2039613
5398062
111932
3180652
2427606
6392481
6524326
9337112
194624
5595381
3622623
5181679
2237012
3909983
7520840
8036859
8123392
2130913
5423537
7801407
6211452
5279560
9692727
1118559
1477656
6176132
6459243
5707820
5815156
158946
3451349
371336
5557008
3563281
3551988
501180
2472328
76314
9838292
5183519
8188262
5977481
365198
425273
9887464
402604
8462133
527422
5050084
3885669
8328829
3778102
1681796
538121
7413228
3159452
6714254
3872470
1383838
5045976
4031416
4835188
5417312
2104990
915035
8969301
2606170
3387364
1562181
4961028
8570883
9750443
938508
1452647
175715
825972
4371818
1154414
3869961
9421903
7556651
2198789
5716571
9238447
2736910
3129799
2397898
1967730
9518836
3781737
7013707
3550252
8616925
4947585
8171809
2048526
3916885
777979
7952457
7995633
8255574
9039907
7746075
9194083
492553
438357
2536621
7380939
4109338
6406582
9319408
1665988
1121937
5035978
904434
3858847
8165777
3302333
8343145
7684613
7084070
7873418
3751431
8217561
2821002
1923239
2782653
9254455
5217785
735110
7250087
5989926
9775017
7512729
5184008
2784136
467652
7720629
165074
4576990
6643777
9484482
6242979
7765714
7037027
7147413
1624560
5202803
2966312
2484271
5403982
2566948
357688
1671979
3301075
5695258
6111786
6083729
4949712
1329570
6818839
4716365
7319496
6593855
4745660
5020070
1894557
5213312
5257265
2059632
9790303
1901041
4060680
8549848
9666755
1097706
5697260
3807882
8817077
1180139
8808720
6737625
3747087
9166409
8409605
7048163
7378233
4521390
3131891
2327944
8367527
2467296
9560876
8203590
1577717
4306536
3223659
3472274
2036414
8480925
8048473
1826716
2898532
2109153
2893130
5081854
5723426
8590391
8889736
7057069
2287096
7698455
3794694
6034183
9381430
2204298
5598912
6759662
6725688
8730803
1604172
5093214
3714665
3681615
3296803
5292382
7988151
9037030
8764657
24564
34520
9329696
4367848
2933052
1438848
7260978
8014906
9678842
8367935
9421208
6735910
655030
9636230
3047170
9205781
9017659
5251468
4804692
8293888
4493722
6052062
2414626
2103503
9766727
6096241
7916873
5059109
4084391
6953902
6340332
6625523
6988422
5670027
3509937
2438041
9625443
3287481
2969513
9304284
1655416
2390721
8556760
4827013
2026950
1603930
4032793
3561175
9371965
1354052
4371629
3865687
7406114
6786256
5969190
7172840
2882496
3886062
4748515
9483455
3356531
1088846
8625544
2861519
9275441
2135480
7816127
8900883
5422961
785640
721732
9594944
5692928
1795058
4421957
236444
3398988
971316
6314186
5287520
2325368
685815
1669773
2248048
7472071
7638963
1937455
2871133
4041591
6685970
2354587
9914689
7774817
980130
5292775
7050257
5632177
3108901
8467706
1055138
3894541
9189438
3166648
2104035
984495
105171
2340479
6900051
1076488
8654666
4704137
5918423
9340481
6373910
683038
9329118
6529439
2620493
2200250
3087596
9306463
7071405
3002285
9597846
568101
8295060
9164669
6200279
3920527
7632374
9771984
7815069
9338378
2938631
2435670
2839440
3043803
4776150
2256057
6636858
3430815
6960194
5071847
5287862
5850670
5754885
7133546
2380108
8375378
9333796
7984271
198407
8921767
986555
9796253
9489869
1798181
1477488
5690147
5718709
9109862
5462130
6050344
964806
917327
8486014
6320813
3961130
5778730
8576870
3114554
1726111
8053630
8186402
9530540
6420866
3941286
6664085
8800974
4833231
8514448
6785244
5031638
7436214
288366
7344457
9442649
4603114
8821945
5132795
2838389
448373
3111491
1405299
1413179
4028819
2407880
250558
506515
8186610
1343994
3621070
2429288
9397624
4324038
1959827
8335056
8265324
8623913
7136029
5615121
7138360
6437839
3163325
7091140
9242772
507782
6533789
3845886
9329727
4183150
9200842
2294666
7294642
606141
6224412
3840027
3014021
6474970
6863109
3717197
7818964
3000745
6146485
9733154
7324783
8106313
8068209
8106674
6730225
7720804
3721794
6385151
6675210
6885120
5992857
5917981
9909469
2526645
2280433
1755761
9226363
1481275
4050428
6521004
4603983
274839
2877597
7618004
9266377
9740706
1335200
7085340
2741451
9998253
9335061
66233
8104565
7403269
689473
7351356
7640640
4411268
6253073
4315849
3812954
2245929
2750396
3722422
7289142
5030830
5478183
9032071
9028672
9528611
5553074
3632654
2320017
947237
3767224
1586393
3204509
7618991
1188299
8462527
7617243
523359
1045327
8238374
443195
1734800
8106296
8083835
6146068
4359368
4916250
9959022
9121865
7666646
6198010
8927573
5214042
1676193
7959643
6759280
1204803
6029283
2908500
3524820
9493087
6675724
7627780
2697595
6811282
8816080
1160122
4428524
9339439
4722016
5183465
2299200
6456816
3289760
383034
5119451
165695
7815851
7595039
9287560
7999064
3793049
731698
3213105
5469242
8691341
2488952
9190612
7237190
5397452
5231999
6730276
4589743
2859778
9427871
1401024
4192424
3104559
8346115
3531863
7826575
3529579
5831063
4283391
9335907
8730665
1919408
9501602
9063082
9514447
1305727
7062145
3307495
2037425
2791817
1293303
728765
5280769
483915
7965955
3194787
5715914
4696230
7784530
1092258
6640667
9185554
5284683
9745227
7531669
1333112
88367
3577814
9680742
6888325
2913720
927972
8807733
4931888
9991055
8322180
6237615
9569766
4146241
8275040
2361582
5439545
1520371
158917
5923460
2002892
3353705
4155940
9215689
3654801
7764765
5856356
2840355
3049447
8118149
2888590
6899126
8206516
8982971
6579868
5094841
4413258
24406
6419140
9345146
15460
4741319
5582761
9585227
8887561
3857800
4463375
4327105
5378172
7138860
2767131
9897631
492564
6923071
9113320
4147365
7204402
4969675
9504287
2770416
3087823
4909443
9669542
3810905
6408981
8765976
1422312
822238
8790383
7841453
2683950
1322409
5099338
8266711
3424202
3986898
4641078
7887578
830569
2535816
5026437
3597700
2433446
8035568
3037337
1546765
4699499
2758306
6516440
6720353
5528722
2120829
4146362
5198263
8448302
555342
6480806
2387180
3894147
7787755
228632
6578098
9110164
7844538
4844808
2534366
1831435
2002452
2938510
5178572
4538268
481513
1292838
6971715
1033647
6846743
1035046
8249713
9605049
68053
4970065
5133770
4705449
1632994
2848599
3153750
4704903
1845971
5540931
8599051
9633726
8286130
5177148
8743890
6130667
2538522
3794822
478669
7057542
9249899
8173808
1595809
2247978
9466646
1084090
5798192
8829955
2119137
4047904
951569
4703757
1534536
8601906
9409206
3167530
1450505
5079523
388999
5813043
3137020
8988050
5446769
1423149
6681764
6707225
70383
1736853
502046
3065619
8794395
2268511
1239426
2906770
4516489
3222638
3990861
314680
2052593
8626565
6879151
3004162
3330321
8413687
1606068
5256093
4097783
5573140
335615
4486783
1386182
3472635
5991399
9349518
4895785
2673163
6056742
7482735
6926583
6558788
548353
5720977
1343865
4304346
8627747
5860354
7526984
5135174
8691601
2096143
6278305
5570752
5100306
2125192
6501005
9222941
7381286
598788
7312647
7716901
7602138
8698829
3706103
3593536
564913
1118454
6266699
6621655
8601189
3193281
5697010
1666108
1430824
7040875
5970454
2575138
5417796
6014004
226878
4109396
8110148
6505184
2196714
5727020
1146942
1214286
4949960
8528228
1813074
2262606
8761696
1931778
3478001
2467798
5525314
4042914
3586252
4308580
664569
4704007
18427
8878146
6370115
1449252
5919020
4857135
6540957
3853382
871138
6767835
479345
8981286
3273018
2676059
4708305
4419961
3890345
9658265
5464755
8219986
4437437
6743017
151763
432005
9210815
8193645
6991486
5313633
2502224
172621
17639
2520651
9050767
8904321
6486470
4969787
3761455
3027426
8823169
4632594
9795262
9302514
3613879
5584846
4495140
838751
2521373
902051
3013582
502695
1638604
7451020
7245712
4306934
399591
6456527
2500578
7391077
4286726
7519369
7563699
6820933
40020
6614465
5725253
9043057
4100818
2003275
2070483
5440554
6635869
1865744
4743067
2766314
9967157
1754773
3605065
2488530
5173392
9135215
2991225
6811996
6586234
236936
1118929
9502392
9210030
6136075
6893468
6013323
3655443
4457166
2834255
6212030
1071631
1076074
5255087
5172449
3079349
9842137
613002
9715218
4224447
7872637
4998099
4191603
2143976
1119730
9196700
7317368
254944
4704491
4129363
9357745
7457995
7764860
8860136
6668024
3900934
5753604
5197913
72943
2727336
8032168
6284974
3798967
9108243
4056627
1487983
2187591
6415330
4617552
4419376
639776
5006755
1934041
4831379
7150732
3053771
6544646
4468099
5825283
1249136
1114029
5183027
8707131
1395455
6559730
7891722
5296389
4829900
3089634
7885899
7557236
1121802
6687439
1356203
2746611
3260632
5360753
7450769
9675962
9978305
1870144
315737
7501627
3804185
7663684
4652358
9374524
4208329
1637023
5199806
7974032
5267619
382832
6681163
6663074
9459129
7089451
4476029
4289028
179084
4878495
1846264
3817453
1565933
5719034
9080631
4826566
1079786
6531400
4502527
3574657
8401544
7334832
1076283
4722296
7515082
8245208
4096819
1723410
2398798
9296625
2214008
182983
2196023
1411737
6846058
1655152
8501188
3838653
8460747
8680273
8717148
307010
5014292
2799648
6026044
4094923
7626214
9622397
626322
4645307
3197054
1544432
4496705
6789904
6266728
2011786
7551679
2880113
6251763
2467043
2176737
8465772
2650026
6889328
9877509
2012650
1061046
8378697
5851304
9521793
9575536
7085018
9828804
7106394
9884666
8371414
1201316
27445
7993811
4344205
7189320
3707431
5888638
1686024
3013901
4671932
3697811
565579
7552046
2466140
5549189
9728783
931911
8199216
9134677
3325987
211865
195722
4221250
8579736
9717516
3796785
5664754
2062885
903178
8065986
434298
4621062
8093432
8428109
8965267
7799318
2135539
4853904
9485342
5149441
9525837
5699719
8231587
9594449
682426
3780776
9323231
1614337
4496558
974474
7456891
4708423
1170196
1678140
5804726
3404278
5474925
3986046
5467163
8894671
4568598
5901462
6032299
5178596
6846137
4997565
2977913
1498243
2368036
4979822
6647684
4410439
679540
7395837
4004887
3878533
3693179
5844684
5492871
8189737
6819158
2949761
5414727
505921
7144469
1219452
3910199
2619393
7722065
9377363
4030630
2290662
7795391
62928
7469259
4641527
7577061
447171
6139770
9945097
5426993
5304020
6872102
8623101
5216424
876988
2501633
8909603
9238239
511070
7099340
6057397
5977399
5030633
9079885
3121867
8766652
2990083
8257827
6488716
4884012
4805024
1295944
2679402
7384519
8765203
7320930
4961579
1728941
5977266
7423242
9672501
1281286
4295343
812167
6497710
7688898
5830368
7923879
6927137
8858005
7539785
5501100
4835403
2570417
4580984
473836
1337068
87633
1248230
342350
4971646
8569821
4154862
7651048
5954339
2920064
7488544
915918
7165572
3465810
855726
9354640
7263663
5151070
166806
6277939
5356534
8513741
6718384
2283670
7371746
4258169
301336
4723715
9345153
7398887
7714119
3198788
7486521
8962349
3541138
2458166
7532169
7696000
2625780
6003074
3132631
2630891
6918992
2814769
6096701
7774719
2169408
5876930
5442355
4852782
4671435
798888
3366522
1389818
5599126
738267
5647987
8417029
5461983
4993140
5815916
3176101
8191928
5819003
4655016
4249632
793735
4703751
4462199
3419515
706824
111396
8566973
142383
2926165
4663673
433668
5095574
3057169
8392590
9948356
7728604
9191478
3314877
9118423
7307170
6569712
4766409
5724199
4548261
2276115
4056681
240928
2984609
9875684
4895944
7234242
669418
2116261
4213007
6605500
2823085
4324403
5172473
5482035
7250568
2352712
5915703
4862708
5409882
6824859
7327630
5655052
6016337
3159074
4773474
5840073
9728786
2056450
4080838
6793613
6849132
8137519
7034541
9833742
8013202
4447051
9584550
1199186
6563312
3797556
321253
1902963
638525
8010293
9901566
405659
2879571
8333835
5268368
806019
5158694
2595997
6461072
3691597
8271638
3751112
9531670
516989
5807562
3612508
7310602
5173261
1750026
4345142
5007002
2279795
8792193
7108118
5995548
7872071
905673
8833368
2291601
1544198
6843660
2193166
1949857
2239798
3043567
9734792
3045817
8202261
4847356
9506889
1893857
3118993
5774568
1425527
3635983
4098696
7554602
946584
9271957
9304628
7808294
4278958
4100989
9117053
3903642
2613104
9505691
4809315
0
