733
919
919
113
733
131
733
131
733
733
199
71
919
919
0
733
31
337
919
311
199
919
733
919
733
97
733
919
199
733
71
919
733
919
919
919
919
733
991
733
131
199
733
17
71
733
733
37
919
733
311
991
311
991
919
733
991
733
373
199
31
373
919
733
199
919
311
71
199
311
733
311
733
97
311
733
733
919
733
337
337
733
311
733
733
991
131
733
733
733
733
733
919
733
919
919
199
131
991
311
373
733
733
919
733
733
131
97
733
733
373
733
71
733
199
733
733
311
5
991
733
733
311
733
991
131
373
71
311
311
311
733
919
733
311
199
311
733
311
733
919
733
311
991
199
373
733
733
733
733
733
733
37
919
919
991
37
199
991
311
733
311
919
131
919
71
337
71
733
733
733
311
199
919
311
337
199
733
991
733
311
733
113
199
733
919
79
733
5
37
733
733
311
373
733
113
337
919
113
733
337
733
919
733
733
199
733
733
919
733
311
991
311
337
131
733
199
199
37
199
199
733
733
733
919
71
733
199
919
733
919
199
0
733
733
733
919
311
919
733
919
131
733
113
373
733
733
733
919
733
733
919
311
113
311
199
97
733
337
919
113
199
991
311
919
733
733
733
733
733
311
733
733
919
733
919
733
337
311
131
991
919
71
311
919
311
733
991
919
733
919
991
919
919
113
733
199
733
97
919
199
337
733
733
79
37
733
733
311
919
733
311
733
733
733
733
919
919
733
733
733
199
733
311
991
733
733
79
373
919
991
733
71
733
71
131
373
733
733
733
199
79
919
733
733
311
199
733
79
733
37
733
733
733
733
733
373
373
733
733
79
733
71
131
991
131
199
337
733
733
919
733
919
919
733
373
31
733
733
113
113
919
733
919
373
311
733
733
733
71
311
733
733
337
733
733
373
919
919
919
733
733
733
337
733
991
733
733
733
337
733
733
97
199
337
733
733
733
7
919
733
311
733
311
733
199
919
919
31
733
733
733
311
311
919
733
199
733
199
733
919
733
311
919
919
733
311
311
311
311
71
919
733
733
97
991
733
919
919
733
733
733
311
733
733
71
733
919
733
733
733
311
311
919
199
113
311
373
311
733
733
337
311
991
919
311
919
733
311
733
199
733
71
733
373
919
733
919
733
991
337
17
311
733
733
337
919
919
733
2
311
199
311
733
113
97
733
991
733
919
733
733
733
733
0
919
311
733
733
733
733
919
733
733
733
733
919
199
337
733
0
733
733
311
991
733
733
733
733
919
733
113
733
919
733
733
733
919
113
131
733
733
991
199
991
733
733
919
733
919
373
733
373
31
919
311
733
131
919
311
991
373
337
733
311
991
131
919
919
199
5
311
733
919
373
733
311
919
733
733
733
733
199
991
733
919
199
733
991
71
733
991
373
991
733
733
919
733
733
733
733
733
733
199
311
7
733
733
919
991
97
733
733
199
733
373
71
733
733
991
733
311
919
919
199
311
733
991
733
919
733
311
311
113
373
733
71
17
919
919
5
991
311
733
199
733
31
199
199
733
73
733
919
919
733
991
97
919
919
733
733
373
991
919
733
311
311
733
311
311
337
199
199
733
919
311
311
919
733
337
733
733
13
311
311
733
199
373
373
73
991
37
733
991
991
919
311
311
311
373
733
733
733
733
37
311
919
311
31
199
733
733
733
733
733
919
991
919
71
337
919
71
311
199
991
311
919
131
733
79
733
919
733
71
311
733
373
17
919
373
97
311
919
733
733
311
373
733
37
733
919
919
733
199
991
733
733
919
733
919
991
71
733
733
79
919
