2
5 6 2 0 
1 4 2 0 
1 0 0 0 
0 1 0 0 

3
33 54 22 0 
11 22 10 0 
5 6 2 0 
1 4 2 0 

4
1793 3102 1310 0 
655 1138 482 0 
241 414 174 0 
87 154 66 0 

5
5562369 9634302 4071934 0 
2035967 3526402 1490434 0 
745217 1290750 545534 0 
272767 472450 199682 0 

6
543896750 812783609 268886860 0 
134443430 409453320 275009889 0 
637504948 496938489 859433549 0 
929716778 707788177 778071405 0 

7
568888120 95944432 527056320 0 
263528160 305359960 41831799 0 
520915903 742612264 221696362 0 
110848181 410067722 299219540 0 

8
204708111 186455007 981746904 0 
490873452 713834666 222961213 0 
611480610 879392849 267912240 0 
133956120 477524490 343568369 0 

9
225241027 578567242 353326216 0 
176663108 48577919 871914817 0 
935957412 240705703 304748299 0 
652374153 283583259 631209112 0 

10
736332799 900884645 164551847 0 
582275927 154056872 571780951 0 
785890479 796385455 10494977 0 
505247492 280642987 775395501 0 

11
157295951 682391669 525095719 0 
762547863 394748095 632200238 0 
316100119 446447744 130347626 0 
65173813 250926306 185752492 0 

12
410670336 765094346 354424011 0 
677212009 733458334 56246324 0 
28123162 649088847 620965686 0 
310482843 717640326 407157482 0 

13
355731 424671850 424316120 0 
212158060 788197678 576039617 0 
788019812 424138255 636118451 0 
818059229 969960590 151901360 0 

14
516854485 125091340 608236863 0 
804118435 712736057 908617628 0 
454308814 349809621 895500815 0 
947750411 506558410 558808005 0 

15
569699389 508317579 938618198 0 
469309099 100390290 631081197 0 
815540602 653768504 838227910 0 
419113955 396426647 977312698 0 

16
778222945 796001336 17778392 0 
8889196 769333749 760444552 0 
380222276 628666927 248444652 0 
124222326 255999950 131777623 0 

17
350033573 324147450 974113885 0 
987056946 362976634 375919694 0 
187959847 799097099 611137253 0 
805568630 382391224 576822600 0 

18
684021122 955417681 271396560 0 
135698280 548322842 412624561 0 
706312284 429386003 723073727 0 
861536867 844775424 983238563 0 

19
974201561 348017555 373816002 0 
186908001 787293560 600385558 0 
300192779 886715229 586522451 0 
793261229 506931557 713670334 0 

20
563514213 360646693 797132488 0 
398566244 164947969 766381731 0 
883190869 515375382 632184521 0 
816092264 67098605 251006347 0 

21
720722589 706695018 985972437 0 
992986222 727736374 734750158 0 
367375079 625611143 258236065 0 
629118036 738257050 109139013 0 

22
175794341 724433377 548639037 0 
774319522 401474826 627155310 0 
313577655 460741867 147164213 0 
573582110 739995552 166413441 0 

23
843815859 607430891 763615040 0 
381807520 462008339 80200818 0 
40100409 341707111 301606703 0 
650803355 389297061 738493712 0 

24
564582483 936135399 371552917 0 
685776462 878806028 193029565 0 
596514786 89261676 492746898 0 
246373449 350141337 103767887 0 

25
484965775 60502239 575536472 0 
287768236 197197539 909429309 0 
954714658 333053585 378338935 0 
689169471 265545187 576375722 0 

26
929908930 527813929 597905007 0 
798952507 130956423 332003922 0 
166001961 632950546 466948586 0 
233474293 932527675 699053381 0 

27
851757719 174999131 323241420 0 
161620710 690137009 528516298 0 
264258149 897362568 633104420 0 
316552210 947705946 631153735 0 

28
132660468 309383040 176722573 0 
588361290 544299185 955937901 0 
977968954 610392343 632423397 0 
816211702 161757252 345545556 0 

29
546300329 575774093 29473765 0 
514736886 31563443 516826563 0 
758413285 756323608 997910331 0 
998955169 759458123 760502960 0 

30
750584143 1928079 251343944 0 
125671972 624912171 499240198 0 
249620099 876051880 626431782 0 
313215891 936404215 623188323 0 

31
12961194 665518740 652557547 0 
826278777 186682424 360403653 0 
680201830 146076947 465875125 0 
732937566 947264271 214326704 0 

241
36298997
655
655
311677021
655
