Q: 4 0 0
Q: 3 0 1
Q: 4 1 1
Q: 4 0 2
Q: 3 1 2
Q: 4 2 2
Q: 3 0 3
Q: 2 1 3
Q: 3 2 3
Q: 4 1 3
Q: 3 1 3
Q: 2 0 4
Q: 1 1 4
Q: 2 2 4
Q: 3 1 4
Q: 3 1 4
Q: 2 2 4
Q: 4 2 4
Q: 1 0 5
Q: 2 1 5
Q: 3 0 5
Q: 1 0 5
Q: 0 1 5
Q: 1 2 5
Q: 2 1 5
Q: 1 1 5
Q: 2 1 5
Q: 1 2 5
Q: 3 2 5
Q: 2 2 5
Q: 0 0 6
Q: 1 1 6
Q: 2 0 6
Q: 0 0 6
Q: 0 2 6
Q: 9 1 0
Q: 9 0 1
Q: 8 1 1
Q: 9 2 1
Q: 8 0 2
Q: 7 1 2
Q: 8 2 2
Q: 9 1 2
Q: 9 1 2
Q: 8 2 2
Q: 9 3 2
Q: 7 0 3
Q: 8 1 3
Q: 9 0 3
Q: 7 0 3
Q: 6 1 3
Q: 7 2 3
Q: 8 1 3
Q: 8 1 3
Q: 7 2 3
Q: 8 3 3
Q: 9 2 3
Q: 9 2 3
Q: 8 3 3
Q: 9 4 3
Q: 6 0 4
Q: 5 1 4
Q: 6 2 4
Q: 7 1 4
Q: 6 1 4
Q: 7 1 4
Q: 6 2 4
Q: 7 3 4
Q: 8 2 4
Q: 8 2 4
Q: 7 3 4
Q: 8 4 4
Q: 9 3 4
Q: 9 3 4
Q: 8 4 4
Q: 9 5 4
Q: 5 0 5
Q: 6 1 5
Q: 7 0 5
Q: 5 0 5
Q: 4 1 5
Q: 5 2 5
Q: 6 1 5
Q: 6 1 5
Q: 5 2 5
Q: 6 3 5
Q: 7 2 5
Q: 7 2 5
Q: 6 3 5
Q: 7 4 5
Q: 8 3 5
Q: 9 4 5
Q: 8 5 5
Q: 4 0 6
Q: 5 1 6
Q: 6 0 6
Q: 4 0 6
Q: 3 1 6
Q: 4 2 6
Q: 5 1 6
Q: 5 1 6
Q: 4 2 6
Q: 5 3 6
Q: 6 2 6
Q: 6 2 6
Q: 5 3 6
Q: 6 4 6
Q: 7 3 6
Q: 3 0 7
Q: 2 1 7
Q: 3 2 7
Q: 4 1 7
Q: 4 1 7
Q: 3 2 7
Q: 4 3 7
Q: 5 2 7
Q: 4 2 7
Q: 5 2 7
Q: 4 3 7
Q: 5 4 7
Q: 6 3 7
Q: 2 0 8
Q: 3 1 8
Q: 4 0 8
Q: 2 0 8
Q: 1 1 8
Q: 2 2 8
Q: 3 1 8
Q: 3 1 8
Q: 2 2 8
Q: 3 3 8
Q: 4 2 8
Q: 4 2 8
Q: 3 3 8
Q: 4 4 8
Q: 5 3 8
Q: 1 0 9
Q: 2 1 9
Q: 3 0 9
Q: 1 0 9
Q: 0 1 9
Q: 1 2 9
Q: 2 1 9
Q: 2 1 9
Q: 1 2 9
Q: 2 3 9
Q: 3 2 9
Q: 4 3 9
Q: 3 4 9
Q: 4 5 9
Q: 5 4 9
Q: 0 0 10
Q: 1 1 10
Q: 2 0 10
Q: 0 0 10
Q: 0 2 10
Q: 1 1 10
Q: 1 1 10
Q: 0 2 10
Q: 1 3 10
Q: 2 2 10
Q: 0 1 11
Q: 1 0 11
Q: 0 1 11
Q: 0 3 11
Q: 14 5 0
Q: 14 4 1
Q: 13 5 1
Q: 14 6 1
Q: 14 5 2
Q: 13 6 2
Q: 14 7 2
Q: 13 5 3
Q: 12 6 3
Q: 13 7 3
Q: 14 6 3
Q: 14 6 3
Q: 13 7 3
Q: 14 8 3
Q: 12 5 4
Q: 11 6 4
Q: 12 7 4
Q: 13 6 4
Q: 13 6 4
Q: 12 7 4
Q: 13 8 4
Q: 14 7 4
Q: 14 7 4
Q: 13 8 4
Q: 12 4 5
Q: 11 5 5
Q: 12 6 5
Q: 13 5 5
Q: 11 5 5
Q: 10 6 5
Q: 11 7 5
Q: 12 6 5
Q: 4 4 5
Q: 5 8 5
Q: 6 1 5
Q: 11 6 5
Q: 12 6 5
Q: 11 7 5
Q: 12 8 5
Q: 13 7 5
Q: 13 7 5
Q: 12 8 5
Q: 14 8 5
Q: 11 4 6
Q: 10 5 6
Q: 11 6 6
Q: 12 5 6
Q: 10 5 6
Q: 9 6 6
Q: 10 7 6
Q: 11 6 6
Q: 11 6 6
Q: 10 7 6
Q: 11 8 6
Q: 12 7 6
Q: 4 3 6
Q: 3 4 6
Q: 4 5 6
Q: 5 4 6
Q: 4 4 6
Q: 5 8 6
Q: 6 1 6
Q: 11 6 6
Q: 5 7 6
Q: 4 8 6
Q: 6 8 6
Q: 4 4 6
Q: 5 8 6
Q: 6 1 6
Q: 11 6 6
Q: 6 0 6
Q: 5 1 6
Q: 6 2 6
Q: 7 1 6
Q: 4 4 6
Q: 5 8 6
Q: 6 1 6
Q: 11 6 6
Q: 12 7 6
Q: 11 8 6
Q: 13 8 6
Q: 11 3 7
Q: 10 4 7
Q: 11 5 7
Q: 12 4 7
Q: 11 4 7
Q: 10 4 7
Q: 9 5 7
Q: 10 6 7
Q: 11 5 7
Q: 10 6 7
Q: 9 7 7
Q: 10 8 7
Q: 11 7 7
Q: 11 7 7
Q: 10 8 7
Q: 12 8 7
Q: 4 2 7
Q: 3 3 7
Q: 4 4 7
Q: 5 3 7
Q: 3 3 7
Q: 2 4 7
Q: 3 5 7
Q: 4 4 7
Q: 4 4 7
Q: 3 5 7
Q: 4 6 7
Q: 5 5 7
Q: 5 3 7
Q: 4 4 7
Q: 5 5 7
Q: 6 4 7
Q: 5 4 7
Q: 5 6 7
Q: 4 7 7
Q: 5 8 7
Q: 6 7 7
Q: 4 7 7
Q: 3 8 7
Q: 5 8 7
Q: 6 7 7
Q: 5 8 7
Q: 7 8 7
Q: 5 0 7
Q: 6 1 7
Q: 7 0 7
Q: 5 0 7
Q: 4 1 7
Q: 5 2 7
Q: 6 1 7
Q: 6 1 7
Q: 5 2 7
Q: 6 3 7
Q: 7 2 7
Q: 7 0 7
Q: 6 1 7
Q: 7 2 7
Q: 8 1 7
Q: 11 2 8
Q: 10 3 8
Q: 11 4 8
Q: 12 3 8
Q: 10 3 8
Q: 9 4 8
Q: 10 5 8
Q: 11 4 8
Q: 9 6 8
Q: 8 7 8
Q: 9 8 8
Q: 10 7 8
Q: 10 7 8
Q: 9 8 8
Q: 11 8 8
Q: 4 1 8
Q: 3 2 8
Q: 4 3 8
Q: 5 2 8
Q: 3 2 8
Q: 2 3 8
Q: 3 4 8
Q: 4 3 8
Q: 5 2 8
Q: 4 3 8
Q: 5 4 8
Q: 6 3 8
Q: 2 3 8
Q: 1 4 8
Q: 2 5 8
Q: 3 4 8
Q: 3 4 8
Q: 2 5 8
Q: 3 6 8
Q: 4 5 8
Q: 4 5 8
Q: 3 6 8
Q: 4 7 8
Q: 5 6 8
Q: 5 4 8
Q: 4 5 8
Q: 5 6 8
Q: 6 5 8
Q: 6 3 8
Q: 5 4 8
Q: 6 5 8
Q: 7 4 8
Q: 5 5 8
Q: 4 6 8
Q: 5 7 8
Q: 6 6 8
Q: 4 6 8
Q: 3 7 8
Q: 4 8 8
Q: 5 7 8
Q: 6 6 8
Q: 5 7 8
Q: 6 8 8
Q: 7 7 8
Q: 3 7 8
Q: 2 8 8
Q: 4 8 8
Q: 7 7 8
Q: 6 8 8
Q: 8 8 8
Q: 4 0 8
Q: 5 1 8
Q: 6 0 8
Q: 6 0 8
Q: 7 1 8
Q: 8 0 8
Q: 4 0 8
Q: 3 1 8
Q: 4 2 8
Q: 5 1 8
Q: 5 1 8
Q: 4 2 8
Q: 5 3 8
Q: 6 2 8
Q: 6 2 8
Q: 5 3 8
Q: 6 4 8
Q: 7 3 8
Q: 7 1 8
Q: 6 2 8
Q: 7 3 8
Q: 8 2 8
Q: 8 0 8
Q: 7 1 8
Q: 8 2 8
Q: 9 1 8
Q: 11 1 9
Q: 10 2 9
Q: 11 3 9
Q: 12 2 9
Q: 12 2 9
Q: 11 3 9
Q: 12 4 9
Q: 13 3 9
Q: 9 3 9
Q: 8 4 9
Q: 9 5 9
Q: 10 4 9
Q: 8 6 9
Q: 7 7 9
Q: 8 8 9
Q: 9 7 9
Q: 9 7 9
Q: 8 8 9
Q: 10 8 9
Q: 2 2 9
Q: 1 3 9
Q: 2 4 9
Q: 3 3 9
Q: 2 4 9
Q: 1 5 9
Q: 2 6 9
Q: 3 5 9
Q: 3 5 9
Q: 2 6 9
Q: 3 7 9
Q: 4 6 9
Q: 6 4 9
Q: 5 5 9
Q: 6 6 9
Q: 7 5 9
Q: 7 3 9
Q: 6 4 9
Q: 7 5 9
Q: 8 4 9
Q: 6 5 9
Q: 5 6 9
Q: 6 7 9
Q: 7 6 9
Q: 3 6 9
Q: 2 7 9
Q: 3 8 9
Q: 4 7 9
Q: 7 6 9
Q: 6 7 9
Q: 7 8 9
Q: 8 7 9
Q: 2 7 9
Q: 1 8 9
Q: 3 8 9
Q: 8 7 9
Q: 7 8 9
Q: 9 8 9
Q: 3 0 9
Q: 4 1 9
Q: 5 0 9
Q: 3 0 9
Q: 2 1 9
Q: 3 2 9
Q: 4 1 9
Q: 7 2 9
Q: 6 3 9
Q: 7 4 9
Q: 8 3 9
Q: 9 0 9
Q: 8 1 9
Q: 9 2 9
Q: 10 1 9
Q: 13 2 10
Q: 12 3 10
Q: 13 4 10
Q: 14 3 10
Q: 8 3 10
Q: 7 4 10
Q: 8 5 10
Q: 9 4 10
Q: 8 5 10
Q: 7 6 10
Q: 8 7 10
Q: 9 6 10
Q: 1 2 10
Q: 0 3 10
Q: 1 4 10
Q: 2 3 10
Q: 1 4 10
Q: 0 5 10
Q: 1 6 10
Q: 2 5 10
Q: 2 5 10
Q: 1 6 10
Q: 2 7 10
Q: 3 6 10
Q: 7 4 10
Q: 6 5 10
Q: 7 6 10
Q: 8 5 10
Q: 7 5 10
Q: 6 6 10
Q: 7 7 10
Q: 8 6 10
Q: 2 6 10
Q: 1 7 10
Q: 2 8 10
Q: 3 7 10
Q: 1 7 10
Q: 0 8 10
Q: 2 8 10
Q: 2 0 10
Q: 3 1 10
Q: 4 0 10
Q: 8 2 10
Q: 7 3 10
Q: 8 4 10
Q: 9 3 10
Q: 8 0 10
Q: 9 1 10
Q: 10 0 10
Q: 13 1 11
Q: 12 2 11
Q: 13 3 11
Q: 14 2 11
Q: 1 1 11
Q: 0 2 11
Q: 1 3 11
Q: 2 2 11
Q: 0 2 11
Q: 0 4 11
Q: 1 3 11
Q: 0 4 11
Q: 0 6 11
Q: 1 5 11
Q: 1 5 11
Q: 0 6 11
Q: 1 7 11
Q: 2 6 11
Q: 1 6 11
Q: 0 7 11
Q: 19 1 0
Q: 19 0 1
Q: 18 1 1
Q: 19 2 1
Q: 18 0 2
Q: 19 1 2
Q: 18 0 2
Q: 17 1 2
Q: 18 2 2
Q: 19 1 2
Q: 19 1 2
Q: 18 2 2
Q: 19 3 2
Q: 17 0 3
Q: 18 1 3
Q: 19 0 3
Q: 17 0 3
Q: 16 1 3
Q: 17 2 3
Q: 18 1 3
Q: 18 1 3
Q: 17 2 3
Q: 18 3 3
Q: 19 2 3
Q: 19 2 3
Q: 18 3 3
Q: 19 4 3
Q: 16 0 4
Q: 17 1 4
Q: 18 0 4
Q: 16 0 4
Q: 15 1 4
Q: 16 2 4
Q: 17 1 4
Q: 3 0 4
Q: 10 3 4
Q: 15 4 4
Q: 16 1 4
Q: 17 3 4
Q: 17 1 4
Q: 16 2 4
Q: 17 3 4
Q: 18 2 4
Q: 18 2 4
Q: 17 3 4
Q: 18 4 4
Q: 19 3 4
Q: 19 3 4
Q: 18 4 4
Q: 19 5 4
Q: 15 0 5
Q: 14 1 5
Q: 15 2 5
Q: 16 1 5
Q: 16 1 5
Q: 15 2 5
Q: 16 3 5
Q: 17 2 5
Q: 2 0 5
Q: 3 1 5
Q: 4 0 5
Q: 3 0 5
Q: 10 3 5
Q: 15 4 5
Q: 16 1 5
Q: 17 3 5
Q: 10 2 5
Q: 9 3 5
Q: 10 4 5
Q: 11 3 5
Q: 3 0 5
Q: 10 3 5
Q: 15 4 5
Q: 16 1 5
Q: 17 3 5
Q: 15 3 5
Q: 14 4 5
Q: 15 5 5
Q: 16 4 5
Q: 3 0 5
Q: 10 3 5
Q: 15 4 5
Q: 16 1 5
Q: 17 3 5
Q: 17 2 5
Q: 16 3 5
Q: 17 4 5
Q: 18 3 5
Q: 3 0 5
Q: 10 3 5
Q: 15 4 5
Q: 16 1 5
Q: 17 3 5
Q: 18 3 5
Q: 17 4 5
Q: 18 5 5
Q: 19 4 5
Q: 19 4 5
Q: 18 5 5
Q: 19 6 5
Q: 14 0 6
Q: 13 1 6
Q: 14 2 6
Q: 15 1 6
Q: 14 1 6
Q: 19 8 6
Q: 15 1 6
Q: 14 2 6
Q: 15 3 6
Q: 16 2 6
Q: 9 8 6
Q: 15 2 6
Q: 16 2 6
Q: 15 3 6
Q: 16 4 6
Q: 17 3 6
Q: 1 0 6
Q: 2 1 6
Q: 3 0 6
Q: 3 0 6
Q: 2 1 6
Q: 3 2 6
Q: 4 1 6
Q: 3 0 6
Q: 4 1 6
Q: 5 0 6
Q: 10 1 6
Q: 9 2 6
Q: 10 3 6
Q: 11 2 6
Q: 9 2 6
Q: 8 3 6
Q: 9 4 6
Q: 10 3 6
Q: 10 3 6
Q: 9 4 6
Q: 10 5 6
Q: 11 4 6
Q: 11 2 6
Q: 10 3 6
Q: 11 4 6
Q: 12 3 6
Q: 15 2 6
Q: 14 3 6
Q: 15 4 6
Q: 16 3 6
Q: 14 3 6
Q: 13 4 6
Q: 14 5 6
Q: 15 4 6
Q: 15 4 6
Q: 14 5 6
Q: 15 6 6
Q: 16 5 6
Q: 16 3 6
Q: 15 4 6
Q: 16 5 6
Q: 17 4 6
Q: 17 3 6
Q: 16 4 6
Q: 17 5 6
Q: 18 4 6
Q: 18 4 6
Q: 17 5 6
Q: 18 6 6
Q: 19 5 6
Q: 18 5 6
Q: 19 5 6
Q: 18 6 6
Q: 19 7 6
Q: 13 0 7
Q: 14 1 7
Q: 15 0 7
Q: 2 1 7
Q: 11 10 7
Q: 14 0 7
Q: 15 10 7
Q: 17 9 7
Q: 13 0 7
Q: 12 1 7
Q: 13 2 7
Q: 14 1 7
Q: 14 1 7
Q: 13 2 7
Q: 14 3 7
Q: 15 2 7
Q: 19 7 7
Q: 18 8 7
Q: 19 9 7
Q: 14 1 7
Q: 19 8 7
Q: 9 7 7
Q: 8 8 7
Q: 9 9 7
Q: 10 8 7
Q: 9 8 7
Q: 15 2 7
Q: 0 0 7
Q: 1 1 7
Q: 2 0 7
Q: 2 0 7
Q: 1 1 7
Q: 2 2 7
Q: 3 1 7
Q: 2 1 7
Q: 11 10 7
Q: 14 0 7
Q: 15 10 7
Q: 17 9 7
Q: 3 1 7
Q: 2 2 7
Q: 3 3 7
Q: 4 2 7
Q: 4 0 7
Q: 3 1 7
Q: 4 2 7
Q: 5 1 7
Q: 4 0 7
Q: 5 1 7
Q: 6 0 7
Q: 10 0 7
Q: 9 1 7
Q: 10 2 7
Q: 11 1 7
Q: 9 1 7
Q: 8 2 7
Q: 9 3 7
Q: 10 2 7
Q: 11 1 7
Q: 10 2 7
Q: 11 3 7
Q: 12 2 7
Q: 8 2 7
Q: 7 3 7
Q: 8 4 7
Q: 9 3 7
Q: 9 3 7
Q: 8 4 7
Q: 9 5 7
Q: 10 4 7
Q: 10 4 7
Q: 9 5 7
Q: 10 6 7
Q: 11 5 7
Q: 11 3 7
Q: 10 4 7
Q: 11 5 7
Q: 12 4 7
Q: 12 2 7
Q: 11 3 7
Q: 12 4 7
Q: 13 3 7
Q: 14 2 7
Q: 13 3 7
Q: 14 4 7
Q: 15 3 7
Q: 13 3 7
Q: 12 4 7
Q: 13 5 7
Q: 14 4 7
Q: 14 4 7
Q: 13 5 7
Q: 14 6 7
Q: 15 5 7
Q: 15 5 7
Q: 14 6 7
Q: 15 7 7
Q: 16 6 7
Q: 16 4 7
Q: 15 5 7
Q: 16 6 7
Q: 17 5 7
Q: 17 4 7
Q: 16 5 7
Q: 17 6 7
Q: 18 5 7
Q: 18 5 7
Q: 17 6 7
Q: 18 7 7
Q: 19 6 7
Q: 19 6 7
Q: 18 7 7
Q: 19 8 7
Q: 12 0 8
Q: 13 1 8
Q: 14 0 8
Q: 11 9 8
Q: 10 10 8
Q: 11 11 8
Q: 12 10 8
Q: 2 1 8
Q: 11 10 8
Q: 14 0 8
Q: 15 10 8
Q: 17 9 8
Q: 15 9 8
Q: 14 10 8
Q: 15 11 8
Q: 16 10 8
Q: 2 1 8
Q: 11 10 8
Q: 14 0 8
Q: 15 10 8
Q: 17 9 8
Q: 17 8 8
Q: 16 9 8
Q: 17 10 8
Q: 18 9 8
Q: 2 1 8
Q: 11 10 8
Q: 14 0 8
Q: 15 10 8
Q: 17 9 8
Q: 12 0 8
Q: 11 1 8
Q: 12 2 8
Q: 13 1 8
Q: 13 1 8
Q: 12 2 8
Q: 13 3 8
Q: 14 2 8
Q: 18 7 8
Q: 17 8 8
Q: 18 9 8
Q: 19 8 8
Q: 19 8 8
Q: 18 9 8
Q: 19 10 8
Q: 9 6 8
Q: 8 7 8
Q: 9 8 8
Q: 10 7 8
Q: 8 7 8
Q: 7 8 8
Q: 8 9 8
Q: 9 8 8
Q: 9 8 8
Q: 8 9 8
Q: 9 10 8
Q: 10 9 8
Q: 10 7 8
Q: 9 8 8
Q: 10 9 8
Q: 11 8 8
Q: 0 1 8
Q: 1 0 8
Q: 0 0 8
Q: 11 9 8
Q: 13 5 8
Q: 13 8 8
Q: 1 0 8
Q: 0 1 8
Q: 1 2 8
Q: 2 1 8
Q: 2 1 8
Q: 1 2 8
Q: 2 3 8
Q: 3 2 8
Q: 3 2 8
Q: 2 3 8
Q: 3 4 8
Q: 4 3 8
Q: 4 1 8
Q: 3 2 8
Q: 4 3 8
Q: 5 2 8
Q: 5 0 8
Q: 4 1 8
Q: 5 2 8
Q: 6 1 8
Q: 5 0 8
Q: 6 1 8
Q: 7 0 8
Q: 9 0 8
Q: 10 1 8
Q: 11 0 8
Q: 9 0 8
Q: 8 1 8
Q: 9 2 8
Q: 10 1 8
Q: 11 0 8
Q: 10 1 8
Q: 11 2 8
Q: 12 1 8
Q: 8 1 8
Q: 7 2 8
Q: 8 3 8
Q: 9 2 8
Q: 12 1 8
Q: 11 2 8
Q: 12 3 8
Q: 13 2 8
Q: 7 2 8
Q: 6 3 8
Q: 7 4 8
Q: 8 3 8
Q: 8 3 8
Q: 7 4 8
Q: 8 5 8
Q: 9 4 8
Q: 9 4 8
Q: 8 5 8
Q: 9 6 8
Q: 10 5 8
Q: 10 5 8
Q: 9 6 8
Q: 10 7 8
Q: 11 6 8
Q: 11 4 8
Q: 10 5 8
Q: 11 6 8
Q: 12 5 8
Q: 12 3 8
Q: 11 4 8
Q: 12 5 8
Q: 13 4 8
Q: 13 2 8
Q: 12 3 8
Q: 13 4 8
Q: 14 3 8
Q: 13 4 8
Q: 12 5 8
Q: 13 6 8
Q: 14 5 8
Q: 0 0 8
Q: 11 9 8
Q: 13 5 8
Q: 13 8 8
Q: 14 5 8
Q: 13 6 8
Q: 14 7 8
Q: 15 6 8
Q: 15 6 8
Q: 14 7 8
Q: 15 8 8
Q: 16 7 8
Q: 16 5 8
Q: 15 6 8
Q: 16 7 8
Q: 17 6 8
Q: 17 5 8
Q: 16 6 8
Q: 17 7 8
Q: 18 6 8
Q: 18 6 8
Q: 17 7 8
Q: 18 8 8
Q: 19 7 8
Q: 11 0 9
Q: 12 1 9
Q: 13 0 9
Q: 11 8 9
Q: 10 9 9
Q: 11 10 9
Q: 12 9 9
Q: 0 0 9
Q: 11 9 9
Q: 13 5 9
Q: 13 8 9
Q: 10 9 9
Q: 9 10 9
Q: 10 11 9
Q: 11 10 9
Q: 11 10 9
Q: 10 11 9
Q: 12 11 9
Q: 12 9 9
Q: 11 10 9
Q: 12 11 9
Q: 13 10 9
Q: 15 8 9
Q: 14 9 9
Q: 15 10 9
Q: 16 9 9
Q: 14 9 9
Q: 13 10 9
Q: 14 11 9
Q: 15 10 9
Q: 15 10 9
Q: 14 11 9
Q: 16 11 9
Q: 16 9 9
Q: 15 10 9
Q: 16 11 9
Q: 17 10 9
Q: 17 7 9
Q: 16 8 9
Q: 17 9 9
Q: 18 8 9
Q: 16 8 9
Q: 15 9 9
Q: 16 10 9
Q: 17 9 9
Q: 17 9 9
Q: 16 10 9
Q: 17 11 9
Q: 18 10 9
Q: 18 8 9
Q: 17 9 9
Q: 18 10 9
Q: 19 9 9
Q: 19 9 9
Q: 18 10 9
Q: 19 11 9
Q: 9 5 9
Q: 8 6 9
Q: 9 7 9
Q: 10 6 9
Q: 8 6 9
Q: 7 7 9
Q: 8 8 9
Q: 9 7 9
Q: 10 6 9
Q: 9 7 9
Q: 10 8 9
Q: 11 7 9
Q: 7 7 9
Q: 6 8 9
Q: 7 9 9
Q: 8 8 9
Q: 8 8 9
Q: 7 9 9
Q: 8 10 9
Q: 9 9 9
Q: 9 9 9
Q: 8 10 9
Q: 9 11 9
Q: 10 10 9
Q: 5 6 9
Q: 6 9 9
Q: 8 1 9
Q: 9 10 9
Q: 10 8 9
Q: 9 9 9
Q: 10 10 9
Q: 11 9 9
Q: 11 7 9
Q: 10 8 9
Q: 11 9 9
Q: 12 8 9
Q: 0 0 9
Q: 0 2 9
Q: 1 1 9
Q: 13 7 9
Q: 12 8 9
Q: 13 9 9
Q: 14 8 9
Q: 0 0 9
Q: 11 9 9
Q: 13 5 9
Q: 13 8 9
Q: 1 1 9
Q: 0 2 9
Q: 1 3 9
Q: 2 2 9
Q: 2 2 9
Q: 1 3 9
Q: 2 4 9
Q: 3 3 9
Q: 3 3 9
Q: 2 4 9
Q: 3 5 9
Q: 4 4 9
Q: 4 2 9
Q: 3 3 9
Q: 4 4 9
Q: 5 3 9
Q: 5 1 9
Q: 4 2 9
Q: 5 3 9
Q: 6 2 9
Q: 6 0 9
Q: 5 1 9
Q: 6 2 9
Q: 7 1 9
Q: 6 0 9
Q: 7 1 9
Q: 8 0 9
Q: 8 0 9
Q: 9 1 9
Q: 10 0 9
Q: 10 0 9
Q: 11 1 9
Q: 12 0 9
Q: 8 0 9
Q: 7 1 9
Q: 8 2 9
Q: 9 1 9
Q: 5 6 9
Q: 6 9 9
Q: 8 1 9
Q: 9 10 9
Q: 7 1 9
Q: 6 2 9
Q: 7 3 9
Q: 8 2 9
Q: 6 2 9
Q: 5 3 9
Q: 6 4 9
Q: 7 3 9
Q: 7 3 9
Q: 6 4 9
Q: 7 5 9
Q: 8 4 9
Q: 8 4 9
Q: 7 5 9
Q: 8 6 9
Q: 9 5 9
Q: 11 5 9
Q: 10 6 9
Q: 11 7 9
Q: 12 6 9
Q: 12 4 9
Q: 11 5 9
Q: 12 6 9
Q: 13 5 9
Q: 13 5 9
Q: 12 6 9
Q: 13 7 9
Q: 14 6 9
Q: 14 6 9
Q: 13 7 9
Q: 14 8 9
Q: 15 7 9
Q: 15 7 9
Q: 14 8 9
Q: 15 9 9
Q: 16 8 9
Q: 16 6 9
Q: 15 7 9
Q: 16 8 9
Q: 17 7 9
Q: 17 6 9
Q: 16 7 9
Q: 17 8 9
Q: 18 7 9
Q: 12 8 10
Q: 11 9 10
Q: 12 10 10
Q: 13 9 10
Q: 10 10 10
Q: 9 11 10
Q: 11 11 10
Q: 12 10 10
Q: 11 11 10
Q: 13 11 10
Q: 13 9 10
Q: 12 10 10
Q: 13 11 10
Q: 14 10 10
Q: 14 8 10
Q: 13 9 10
Q: 14 10 10
Q: 15 9 10
Q: 14 10 10
Q: 13 11 10
Q: 15 11 10
Q: 16 10 10
Q: 15 11 10
Q: 17 11 10
Q: 16 7 10
Q: 15 8 10
Q: 16 9 10
Q: 17 8 10
Q: 17 10 10
Q: 16 11 10
Q: 18 11 10
Q: 18 9 10
Q: 17 10 10
Q: 18 11 10
Q: 19 10 10
Q: 19 10 10
Q: 18 11 10
Q: 8 5 10
Q: 7 6 10
Q: 8 7 10
Q: 9 6 10
Q: 7 6 10
Q: 6 7 10
Q: 7 8 10
Q: 8 7 10
Q: 11 6 10
Q: 10 7 10
Q: 11 8 10
Q: 12 7 10
Q: 6 7 10
Q: 5 8 10
Q: 6 9 10
Q: 7 8 10
Q: 7 8 10
Q: 6 9 10
Q: 7 10 10
Q: 8 9 10
Q: 8 9 10
Q: 7 10 10
Q: 8 11 10
Q: 9 10 10
Q: 9 10 10
Q: 8 11 10
Q: 10 11 10
Q: 5 5 10
Q: 4 6 10
Q: 5 7 10
Q: 6 6 10
Q: 5 6 10
Q: 6 9 10
Q: 8 1 10
Q: 9 10 10
Q: 6 8 10
Q: 5 9 10
Q: 6 10 10
Q: 7 9 10
Q: 5 6 10
Q: 6 9 10
Q: 8 1 10
Q: 9 10 10
Q: 12 7 10
Q: 11 8 10
Q: 12 9 10
Q: 13 8 10
Q: 0 1 10
Q: 0 3 10
Q: 1 2 10
Q: 13 6 10
Q: 12 7 10
Q: 13 8 10
Q: 14 7 10
Q: 13 8 10
Q: 12 9 10
Q: 13 10 10
Q: 14 9 10
Q: 14 7 10
Q: 13 8 10
Q: 14 9 10
Q: 15 8 10
Q: 1 2 10
Q: 0 3 10
Q: 1 4 10
Q: 2 3 10
Q: 2 3 10
Q: 1 4 10
Q: 2 5 10
Q: 3 4 10
Q: 3 4 10
Q: 2 5 10
Q: 3 6 10
Q: 4 5 10
Q: 4 3 10
Q: 3 4 10
Q: 4 5 10
Q: 5 4 10
Q: 5 2 10
Q: 4 3 10
Q: 5 4 10
Q: 6 3 10
Q: 6 1 10
Q: 5 2 10
Q: 6 3 10
Q: 7 2 10
Q: 7 0 10
Q: 6 1 10
Q: 7 2 10
Q: 8 1 10
Q: 7 0 10
Q: 8 1 10
Q: 9 0 10
Q: 6 3 10
Q: 5 4 10
Q: 6 5 10
Q: 7 4 10
Q: 7 4 10
Q: 6 5 10
Q: 7 6 10
Q: 8 5 10
Q: 12 5 10
Q: 11 6 10
Q: 12 7 10
Q: 13 6 10
Q: 13 10 11
Q: 12 11 11
Q: 14 11 11
Q: 18 10 11
Q: 17 11 11
Q: 19 11 11
Q: 7 5 11
Q: 6 6 11
Q: 7 7 11
Q: 8 6 11
Q: 6 6 11
Q: 5 7 11
Q: 6 8 11
Q: 7 7 11
Q: 12 6 11
Q: 11 7 11
Q: 12 8 11
Q: 13 7 11
Q: 5 7 11
Q: 4 8 11
Q: 5 9 11
Q: 6 8 11
Q: 7 9 11
Q: 6 10 11
Q: 7 11 11
Q: 8 10 11
Q: 8 10 11
Q: 7 11 11
Q: 9 11 11
Q: 5 4 11
Q: 4 5 11
Q: 5 6 11
Q: 6 5 11
Q: 4 5 11
Q: 3 6 11
Q: 4 7 11
Q: 5 6 11
Q: 5 6 11
Q: 4 7 11
Q: 5 8 11
Q: 6 7 11
Q: 6 5 11
Q: 5 6 11
Q: 6 7 11
Q: 7 6 11
Q: 5 8 11
Q: 4 9 11
Q: 5 10 11
Q: 6 9 11
Q: 6 9 11
Q: 5 10 11
Q: 6 11 11
Q: 7 10 11
Q: 0 2 11
Q: 0 4 11
Q: 1 3 11
Q: 1 3 11
Q: 0 4 11
Q: 1 5 11
Q: 2 4 11
Q: 2 4 11
Q: 1 5 11
Q: 2 6 11
Q: 3 5 11
Q: 3 5 11
Q: 2 6 11
Q: 3 7 11
Q: 4 6 11
Q: 4 4 11
Q: 3 5 11
Q: 4 6 11
Q: 5 5 11
Q: 5 3 11
Q: 4 4 11
Q: 5 5 11
Q: 6 4 11
Q: 6 4 11
Q: 5 5 11
Q: 6 6 11
Q: 7 5 11
Q: 4 7 12
Q: 3 8 12
Q: 4 9 12
Q: 5 8 12
Q: 7 10 12
Q: 6 11 12
Q: 8 11 12
Q: 4 6 12
Q: 3 7 12
Q: 4 8 12
Q: 5 7 12
Q: 4 8 12
Q: 3 9 12
Q: 4 10 12
Q: 5 9 12
Q: 5 9 12
Q: 4 10 12
Q: 5 11 12
Q: 6 10 12
Q: 6 10 12
Q: 5 11 12
Q: 7 11 12
Q: 0 3 12
Q: 0 5 12
Q: 1 4 12
Q: 1 4 12
Q: 0 5 12
Q: 1 6 12
Q: 2 5 12
Q: 2 5 12
Q: 1 6 12
Q: 2 7 12
Q: 3 6 12
Q: 3 6 12
Q: 2 7 12
Q: 3 8 12
Q: 4 7 12
Q: 3 7 13
Q: 2 8 13
Q: 3 9 13
Q: 4 8 13
Q: 3 8 13
Q: 3 8 13
Q: 2 9 13
Q: 3 10 13
Q: 4 9 13
Q: 4 9 13
Q: 3 10 13
Q: 4 11 13
Q: 5 10 13
Q: 5 10 13
Q: 4 11 13
Q: 6 11 13
Q: 0 4 13
Q: 0 6 13
Q: 1 5 13
Q: 1 5 13
Q: 0 6 13
Q: 1 7 13
Q: 2 6 13
Q: 2 6 13
Q: 1 7 13
Q: 2 8 13
Q: 3 7 13
Q: 2 7 14
Q: 1 8 14
Q: 2 9 14
Q: 3 8 14
Q: 2 8 14
Q: 1 9 14
Q: 2 10 14
Q: 3 9 14
Q: 3 9 14
Q: 2 10 14
Q: 3 11 14
Q: 4 10 14
Q: 4 10 14
Q: 3 11 14
Q: 5 11 14
Q: 0 5 14
Q: 0 7 14
Q: 1 6 14
Q: 1 6 14
Q: 0 7 14
Q: 1 8 14
Q: 2 7 14
Q: 1 7 15
Q: 0 8 15
Q: 24 12 0
Q: 24 11 1
Q: 23 12 1
Q: 24 13 1
Q: 24 10 2
Q: 23 11 2
Q: 24 12 2
Q: 24 9 3
Q: 23 10 3
Q: 24 11 3
Q: 23 10 3
Q: 22 11 3
Q: 23 12 3
Q: 24 11 3
Q: 24 8 4
Q: 23 9 4
Q: 24 10 4
Q: 23 9 4
Q: 22 10 4
Q: 23 11 4
Q: 24 10 4
Q: 22 10 4
Q: 21 11 4
Q: 22 12 4
Q: 23 11 4
Q: 24 7 5
Q: 23 8 5
Q: 24 9 5
Q: 23 8 5
Q: 22 9 5
Q: 23 10 5
Q: 24 9 5
Q: 21 10 5
Q: 20 11 5
Q: 21 12 5
Q: 22 11 5
Q: 22 11 5
Q: 21 12 5
Q: 22 13 5
Q: 23 12 5
Q: 17 13 5
Q: 22 12 5
Q: 24 6 6
Q: 23 7 6
Q: 24 8 6
Q: 23 7 6
Q: 22 8 6
Q: 23 9 6
Q: 24 8 6
Q: 22 8 6
Q: 21 9 6
Q: 22 10 6
Q: 23 9 6
Q: 21 9 6
Q: 20 10 6
Q: 21 11 6
Q: 22 10 6
Q: 20 10 6
Q: 19 11 6
Q: 20 12 6
Q: 21 11 6
Q: 17 12 6
Q: 16 13 6
Q: 17 14 6
Q: 18 13 6
Q: 17 13 6
Q: 22 12 6
Q: 24 5 7
Q: 23 6 7
Q: 24 7 7
Q: 23 6 7
Q: 22 7 7
Q: 23 8 7
Q: 24 7 7
Q: 22 7 7
Q: 21 8 7
Q: 22 9 7
Q: 23 8 7
Q: 21 8 7
Q: 20 9 7
Q: 21 10 7
Q: 22 9 7
Q: 20 9 7
Q: 19 10 7
Q: 20 11 7
Q: 21 10 7
Q: 19 10 7
Q: 18 11 7
Q: 19 12 7
Q: 20 11 7
Q: 17 11 7
Q: 16 12 7
Q: 17 13 7
Q: 18 12 7
Q: 16 12 7
Q: 15 13 7
Q: 16 14 7
Q: 17 13 7
Q: 17 13 7
Q: 16 14 7
Q: 18 14 7
Q: 18 12 7
Q: 17 13 7
Q: 18 14 7
Q: 19 13 7
Q: 3 5 7
Q: 11 7 7
Q: 13 12 7
Q: 16 12 7
Q: 18 13 7
Q: 23 5 8
Q: 22 6 8
Q: 23 7 8
Q: 24 6 8
Q: 22 6 8
Q: 21 7 8
Q: 22 8 8
Q: 23 7 8
Q: 21 7 8
Q: 20 8 8
Q: 21 9 8
Q: 22 8 8
Q: 20 8 8
Q: 19 9 8
Q: 20 10 8
Q: 21 9 8
Q: 19 9 8
Q: 18 10 8
Q: 19 11 8
Q: 20 10 8
Q: 16 11 8
Q: 15 12 8
Q: 16 13 8
Q: 17 12 8
Q: 3 5 8
Q: 11 7 8
Q: 13 12 8
Q: 16 12 8
Q: 18 13 8
Q: 15 12 8
Q: 14 13 8
Q: 15 14 8
Q: 16 13 8
Q: 16 13 8
Q: 15 14 8
Q: 17 14 8
Q: 18 13 8
Q: 17 14 8
Q: 19 14 8
Q: 3 4 8
Q: 2 5 8
Q: 3 6 8
Q: 4 5 8
Q: 3 5 8
Q: 11 7 8
Q: 13 12 8
Q: 16 12 8
Q: 18 13 8
Q: 11 6 8
Q: 10 7 8
Q: 11 8 8
Q: 12 7 8
Q: 3 5 8
Q: 11 7 8
Q: 13 12 8
Q: 16 12 8
Q: 18 13 8
Q: 13 11 8
Q: 12 12 8
Q: 13 13 8
Q: 14 12 8
Q: 3 5 8
Q: 11 7 8
Q: 13 12 8
Q: 16 12 8
Q: 18 13 8
Q: 23 4 9
Q: 22 5 9
Q: 23 6 9
Q: 24 5 9
Q: 22 5 9
Q: 21 6 9
Q: 22 7 9
Q: 23 6 9
Q: 21 6 9
Q: 20 7 9
Q: 21 8 9
Q: 22 7 9
Q: 16 10 9
Q: 15 11 9
Q: 16 12 9
Q: 17 11 9
Q: 15 11 9
Q: 14 12 9
Q: 15 13 9
Q: 16 12 9
Q: 14 12 9
Q: 13 13 9
Q: 14 14 9
Q: 15 13 9
Q: 15 13 9
Q: 14 14 9
Q: 16 14 9
Q: 19 13 9
Q: 18 14 9
Q: 20 14 9
Q: 3 3 9
Q: 2 4 9
Q: 3 5 9
Q: 4 4 9
Q: 2 4 9
Q: 1 5 9
Q: 2 6 9
Q: 3 5 9
Q: 4 4 9
Q: 3 5 9
Q: 4 6 9
Q: 5 5 9
Q: 13 10 9
Q: 12 11 9
Q: 13 12 9
Q: 14 11 9
Q: 12 11 9
Q: 11 12 9
Q: 12 13 9
Q: 13 12 9
Q: 14 11 9
Q: 13 12 9
Q: 14 13 9
Q: 15 12 9
Q: 23 3 10
Q: 22 4 10
Q: 23 5 10
Q: 24 4 10
Q: 22 4 10
Q: 21 5 10
Q: 22 6 10
Q: 23 5 10
Q: 21 5 10
Q: 20 6 10
Q: 21 7 10
Q: 22 6 10
Q: 20 6 10
Q: 19 7 10
Q: 20 8 10
Q: 21 7 10
Q: 15 10 10
Q: 14 11 10
Q: 15 12 10
Q: 16 11 10
Q: 20 13 10
Q: 19 14 10
Q: 21 14 10
Q: 2 3 10
Q: 1 4 10
Q: 2 5 10
Q: 3 4 10
Q: 4 3 10
Q: 3 4 10
Q: 4 5 10
Q: 5 4 10
Q: 1 4 10
Q: 0 5 10
Q: 1 6 10
Q: 2 5 10
Q: 4 5 10
Q: 3 6 10
Q: 4 7 10
Q: 5 6 10
Q: 13 9 10
Q: 12 10 10
Q: 13 11 10
Q: 14 10 10
Q: 13 5 10
Q: 13 10 10
Q: 17 8 10
Q: 12 10 10
Q: 11 11 10
Q: 12 12 10
Q: 13 11 10
Q: 14 10 10
Q: 13 11 10
Q: 14 12 10
Q: 15 11 10
Q: 23 2 11
Q: 22 3 11
Q: 23 4 11
Q: 24 3 11
Q: 22 3 11
Q: 21 4 11
Q: 22 5 11
Q: 23 4 11
Q: 21 4 11
Q: 20 5 11
Q: 21 6 11
Q: 22 5 11
Q: 20 5 11
Q: 19 6 11
Q: 20 7 11
Q: 21 6 11
Q: 15 9 11
Q: 14 10 11
Q: 15 11 11
Q: 16 10 11
Q: 1 3 11
Q: 0 4 11
Q: 1 5 11
Q: 2 4 11
Q: 4 6 11
Q: 3 7 11
Q: 4 8 11
Q: 5 7 11
Q: 5 5 11
Q: 4 6 11
Q: 5 7 11
Q: 6 6 11
Q: 13 8 11
Q: 12 9 11
Q: 13 10 11
Q: 14 9 11
Q: 12 9 11
Q: 11 10 11
Q: 12 11 11
Q: 13 10 11
Q: 14 9 11
Q: 13 10 11
Q: 14 11 11
Q: 15 10 11
Q: 13 4 11
Q: 12 5 11
Q: 13 6 11
Q: 14 5 11
Q: 13 5 11
Q: 13 10 11
Q: 17 8 11
Q: 17 7 11
Q: 16 8 11
Q: 17 9 11
Q: 18 8 11
Q: 13 5 11
Q: 13 10 11
Q: 17 8 11
Q: 11 10 11
Q: 10 11 11
Q: 11 12 11
Q: 12 11 11
Q: 23 1 12
Q: 22 2 12
Q: 23 3 12
Q: 24 2 12
Q: 22 2 12
Q: 21 3 12
Q: 22 4 12
Q: 23 3 12
Q: 22 3 12
Q: 21 3 12
Q: 20 4 12
Q: 21 5 12
Q: 22 4 12
Q: 20 4 12
Q: 19 5 12
Q: 20 6 12
Q: 21 5 12
Q: 15 8 12
Q: 14 9 12
Q: 15 10 12
Q: 16 9 12
Q: 0 3 12
Q: 0 5 12
Q: 1 4 12
Q: 5 6 12
Q: 4 7 12
Q: 5 8 12
Q: 6 7 12
Q: 6 5 12
Q: 5 6 12
Q: 6 7 12
Q: 7 6 12
Q: 13 7 12
Q: 12 8 12
Q: 13 9 12
Q: 14 8 12
Q: 12 8 12
Q: 11 9 12
Q: 12 10 12
Q: 13 9 12
Q: 14 8 12
Q: 13 9 12
Q: 14 10 12
Q: 15 9 12
Q: 11 9 12
Q: 10 10 12
Q: 11 11 12
Q: 12 10 12
Q: 13 3 12
Q: 12 4 12
Q: 13 5 12
Q: 14 4 12
Q: 12 4 12
Q: 11 5 12
Q: 12 6 12
Q: 13 5 12
Q: 13 5 12
Q: 12 6 12
Q: 13 7 12
Q: 14 6 12
Q: 14 4 12
Q: 13 5 12
Q: 14 6 12
Q: 15 5 12
Q: 17 6 12
Q: 16 7 12
Q: 17 8 12
Q: 18 7 12
Q: 17 8 12
Q: 16 9 12
Q: 17 10 12
Q: 18 9 12
Q: 18 7 12
Q: 17 8 12
Q: 18 9 12
Q: 19 8 12
Q: 10 10 12
Q: 9 11 12
Q: 10 12 12
Q: 11 11 12
Q: 23 0 13
Q: 22 1 13
Q: 23 2 13
Q: 24 1 13
Q: 5 12 13
Q: 7 13 13
Q: 23 1 13
Q: 22 1 13
Q: 21 2 13
Q: 22 3 13
Q: 23 2 13
Q: 21 2 13
Q: 20 3 13
Q: 21 4 13
Q: 22 3 13
Q: 20 3 13
Q: 19 4 13
Q: 20 5 13
Q: 21 4 13
Q: 15 7 13
Q: 14 8 13
Q: 15 9 13
Q: 16 8 13
Q: 16 8 13
Q: 15 9 13
Q: 16 10 13
Q: 17 9 13
Q: 0 2 13
