129
144
173
81
25
171
156
140
71
3
142
141
106
27
97
6
44
56
180
156
199
10
161
35
28
118
46
177
93
111
133
20
56
104
97
77
75
54
15
144
53
155
83
157
178
177
160
22
31
140
175
30
147
136
64
173
52
106
150
141
17
83
160
71
184
55
144
59
105
157
2
155
110
83
112
89
58
70
107
88
9
80
116
154
16
176
125
67
82
75
8
98
154
164
165
138
18
110
194
121
65
192
76
174
73
185
61
130
53
164
18
58
45
130
10
57
107
133
120
187
6
125
83
159
89
49
95
103
155
87
23
18
79
95
188
151
78
49
79
130
12
95
184
55
23
193
110
128
126
31
114
131
152
193
88
39
40
179
141
193
67
162
10
142
57
196
93
132
46
168
62
54
61
46
107
83
37
15
11
162
42
121
91
192
115
175
32
153
154
171
145
21
131
153
160
184
149
53
116
191
22
174
45
81
19
148
160
54
162
168
14
2
89
101
193
2
76
23
152
31
190
97
48
121
48
8
103
193
58
18
185
76
188
28
153
5
173
114
58
133
82
68
133
167
168
124
168
42
145
120
71
135
15
116
54
61
122
154
54
176
170
37
52
156
62
4
160
35
116
16
164
194
82
97
161
48
22
127
89
163
47
156
99
58
72
149
117
193
103
168
167
71
3
20
28
63
22
184
94
134
198
58
128
80
152
87
125
170
15
14
133
58
168
30
113
41
178
28
32
79
194
197
147
194
15
171
55
33
155
148
165
153
4
91
31
152
175
154
122
186
164
54
42
133
82
153
170
58
180
2
136
172
195
83
166
9
54
22
40
7
166
4
158
166
91
185
119
66
140
39
52
102
91
91
35
172
44
3
30
24
199
162
195
195
43
159
4
93
177
40
98
143
42
54
108
130
40
27
194
176
62
45
78
152
134
110
122
176
111
148
197
111
111
190
104
152
147
104
46
125
142
140
68
181
193
174
111
33
197
103
7
60
146
83
10
78
189
130
53
101
78
50
10
185
38
112
136
183
16
178
108
154
118
173
135
111
145
46
140
143
148
145
199
92
27
7
169
16
135
22
113
11
68
121
195
104
31
129
85
45
107
192
198
25
163
131
133
108
176
73
49
122
17
48
14
40
53
179
52
184
199
164
194
65
83
187
167
113
116
53
154
23
43
152
44
6
84
175
112
58
47
160
178
60
6
188
98
56
168
148
38
165
110
30
31
192
17
194
103
129
45
57
148
84
8
189
88
88
164
197
142
9
155
118
67
157
106
161
11
72
108
48
36
18
76
65
8
90
57
109
17
99
163
164
181
167
153
70
55
115
65
195
123
20
113
186
173
17
146
183
88
54
31
122
68
103
183
75
191
38
180
9
135
141
169
117
108
120
183
159
35
48
152
154
64
63
139
35
79
85
18
163
135
45
83
3
145
64
74
136
100
55
141
36
192
108
149
101
28
132
58
60
176
11
14
38
72
149
71
147
34
86
110
167
127
189
167
72
53
41
7
150
94
144
182
85
53
131
184
77
61
40
135
35
49
146
69
120
95
136
65
126
22
174
91
148
161
58
18
15
98
23
163
188
166
143
73
19
74
55
94
131
94
28
164
139
172
31
57
65
165
121
189
184
95
81
130
56
135
146
67
31
168
28
20
134
169
89
149
41
141
41
170
33
67
132
170
37
161
28
101
127
147
88
111
40
165
41
92
101
183
158
130
151
182
146
83
152
34
30
189
173
70
160
6
133
92
174
167
52
198
66
175
145
152
86
183
118
123
74
17
106
32
143
56
12
90
137
160
122
166
150
93
34
110
95
163
198
69
130
48
68
194
23
11
145
107
191
63
28
65
78
133
93
21
187
103
107
122
64
27
86
14
116
116
120
11
80
116
79
8
163
143
199
184
152
144
90
141
5
116
6
79
47
97
96
32
199
2
153
61
27
39
73
142
154
189
149
32
105
28
36
68
167
35
53
118
175
141
59
178
55
64
55
101
157
150
131
156
150
84
17
173
120
86
113
72
75
63
100
179
87
134
45
53
168
96
169
141
35
26
118
89
86
171
186
44
119
117
198
67
198
14
41
116
96
150
186
170
11
86
147
97
20
190
146
184
85
115
126
116
137
44
3
24
13
187
66
131
103
62
196
101
72
35
17
167
182
199
135
191
83
82
86
101
70
32
84
151
143
8
68
81
48
69
103
59
55
167
186
156
27
181
57
98
16
70
65
194
67
198
186
148
78
70
49
144
101
129
96
44
135
160
121
181
27
24
39
80
187
25
36
15
6
89
109
19
155
172
13
