100 147
184 155
97 67
129 105
7 172
134 85
143 100
198 27
82 56
186 6
41 10
79 161
129 180
57 84
154 130
163 58
15 20
73 71
47 162
80 106
79 65
113 102
56 112
166 123
72 95
102 80
107 136
33 98
42 63
44 44
111 95
178 141
1 5
108 62
19 30
72 82
121 130
18 116
66 97
140 130
68 135
194 113
150 54
77 196
158 83
151 21
163 128
160 141
108 1
191 72
92 159
127 159
175 23
54 133
47 83
52 110
47 194
198 90
184 161
169 144
51 95
13 117
106 125
44 50
112 104
109 196
152 13
154 125
188 1
131 148
84 115
58 8
29 123
196 170
28 13
121 182
104 24
99 126
104 127
79 28
29 196
178 7
186 29
95 189
71 168
135 41
5 188
76 186
41 26
177 80
168 5
183 186
31 113
38 98
198 7
187 28
121 69
55 24
152 9
1 75
128 65
193 84
74 176
69 105
104 132
93 92
29 49
26 32
97 88
173 121
30 131
14 66
39 132
32 5
56 61
153 153
168 193
153 90
19 122
116 127
160 39
191 113
129 155
189 195
145 93
76 127
80 31
137 91
145 74
194 47
137 200
81 106
180 154
172 107
113 10
53 33
62 153
155 4
35 113
122 77
57 20
138 157
54 62
122 185
90 35
145 88
118 128
46 106
149 85
110 178
70 95
90 192
172 97
88 143
152 25
156 144
112 139
66 96
180 51
124 89
159 52
89 108
84 124
168 62
62 186
185 200
73 127
151 48
56 87
195 8
124 59
48 132
50 171
158 68
94 125
80 88
137 182
24 181
47 81
96 23
38 82
197 194
5 167
3 48
187 18
4 85
84 151
22 125
93 197
172 141
77 17
165 55
197 51
152 56
156 9
159 146
99 120
150 162
155 33
177 48
70 44
161 72
176 74
187 181
198 183
183 115
134 189
148 39
29 93
78 68
193 190
22 1
175 188
170 18
80 40
104 26
101 159
84 166
43 64
20 30
121 98
6 71
183 62
157 50
125 96
19 117
123 142
18 51
140 94
176 3
146 46
9 4
178 25
40 55
85 180
136 54
2 188
171 101
38 191
82 199
144 7
140 114
104 56
70 34
169 97
23 125
154 150
180 48
106 186
72 157
23 147
105 44
63 180
177 194
187 95
13 140
183 195
29 8
109 108
83 108
160 190
93 182
96 67
77 43
122 33
10 162
3 6
120 146
200 114
125 155
72 29
180 62
89 1
70 98
31 141
154 170
174 88
180 137
200 184
86 6
5 150
69 178
54 157
68 70
18 159
73 29
86 127
8 96
132 78
25 77
8 33
111 86
58 63
71 19
141 37
50 76
29 162
156 133
152 1
180 26
6 139
40 200
126 2
139 65
1 146
91 145
167 91
153 42
27 75
111 106
26 85
53 91
38 81
132 98
157 84
27 99
178 153
45 98
162 110
1 29
109 55
165 81
13 84
173 40
71 72
4 28
146 74
188 73
177 183
91 74
94 1
48 2
85 90
71 116
104 73
26 72
97 133
76 15
115 111
135 52
112 185
75 136
78 25
127 55
184 90
153 5
6 157
33 28
119 55
30 157
115 172
141 177
156 166
113 33
174 110
197 86
94 36
99 193
196 74
149 28
128 108
113 154
9 111
75 23
51 167
114 162
107 87
22 123
66 90
112 115
82 107
189 182
135 49
193 29
147 38
57 116
58 44
179 5
66 178
85 189
43 50
157 157
97 138
41 46
175 87
131 164
180 188
26 196
91 139
120 70
95 101
86 72
186 74
66 60
174 17
70 155
23 152
7 38
104 169
125 81
63 172
2 41
40 119
26 135
36 109
53 129
159 181
95 110
188 187
98 125
40 200
121 80
69 93
32 84
79 229
148 25
83 11
142 65
147 70
174 128
116 83
65 102
131 191
142 148
140 13
160 106
9 140
88 117
51 92
64 104
53 169
151 80
142 78
146 175
93 47
33 2
152 180
133 7
1 26
149 62
164 130
113 167
140 31
170 173
145 115
97 38
153 71
1 195
153 35
110 174
78 7
196 107
12 70
142 68
187 31
104 1
199 65
119 187
127 71
58 127
2 162
80 140
135 158
148 135
103 54
57 39
60 175
114 21
113 36
49 87
107 41
60 125
140 161
59 108
145 100
112 41
186 30
197 51
110 72
53 108
118 22
155 79
12 139
83 42
44 75
102 197
175 14
82 150
169 14
19 6
174 179
149 41
121 197
181 133
114 119
167 157
98 161
159 123
62 48
92 130
177 60
122 79
14 120
188 57
179 7
175 188
72 39
189 146
155 149
104 27
8 188
50 164
61 86
140 62
10 20
179 179
169 103
116 191
142 123
180 37
78 141
55 99
130 27
85 191
10 26
146 191
60 161
89 73
89 7
5 68
128 128
106 156
5 10
46 72
196 175
62 108
39 53
66 148
140 155
172 29
148 34
166 112
38 67
194 169
27 14
110 160
92 123
115 200
162 120
2 186
101 80
141 72
59 170
43 135
156 152
107 173
145 75
151 134
39 43
160 116
113 110
27 62
119 163
149 9
7 3
176 89
157 127
146 129
21 79
155 9
149 7
14 117
42 179
160 121
142 108
130 126
66 142
130 117
117 169
73 194
114 152
15 182
170 93
78 68
50 83
70 1
22 34
72 93
23 159
166 77
25 45
26 200
41 131
161 35
180 85
44 105
197 137
128 127
171 21
13 146
172 160
174 147
193 18
18 145
9 75
120 106
34 191
29 46
47 102
169 95
50 89
196 104
49 50
138 45
15 169
85 14
191 49
132 28
128 3
51 64
155 196
185 100
99 184
69 150
175 157
195 134
122 184
52 198
41 197
129 29
177 157
178 22
82 36
36 37
131 21
80 196
62 80
184 158
82 140
106 73
87 102
1 27
22 151
180 37
82 23
120 110
50 65
81 36
105 116
10 149
151 169
21 20
54 102
76 2
56 140
88 12
158 123
110 48
141 85
166 196
151 176
58 126
177 71
114 148
44 95
96 194
47 200
36 88
49 196
122 157
44 97
79 24
29 101
79 76
28 140
126 94
57 190
1 87
1 75
38 123
34 79
28 127
107 159
170 86
109 20
186 48
75 124
58 95
198 34
35 167
110 23
32 195
62 179
189 92
138 158
128 46
43 177
7 50
90 145
13 57
58 109
31 91
38 153
23 91
65 55
194 101
177 36
103 194
40 9
48 154
55 11
30 23
31 24
130 116
120 185
114 63
40 68
143 43
46 138
94 176
41 98
53 78
46 150
27 175
32 40
77 154
166 113
145 15
87 58
83 60
127 36
76 84
172 4
168 156
62 120
187 178
12 80
40 45
24 83
112 118
72 145
179 150
72 165
68 98
199 39
110 157
7 101
127 158
78 90
134 158
130 14
82 38
115 100
132 138
45 87
67 175
155 165
173 144
66 82
50 4
151 112
29 197
187 170
161 140
1 154
116 49
3 95
90 61
195 25
88 41
138 64
89 14
68 4
54 96
195 125
44 41
133 195
37 85
98 46
123 37
114 60
179 88
44 178
112 198
113 117
121 159
61 2
37 91
31 68
66 82
114 96
155 101
114 69
161 119
47 114
190 176
176 187
38 58
153 104
150 111
91 96
152 72
79 19
161 133
185 66
184 98
135 95
167 132
93 30
19 58
48 4
170 104
62 200
165 132
28 20
67 4
50 140
145 170
71 189
200 192
158 5
165 54
169 5
22 94
172 182
177 1
197 140
183 152
145 183
154 84
128 123
105 66
123 46
78 96
188 82
161 107
87 45
55 51
115 51
62 84
164 135
67 117
169 145
40 161
113 119
184 191
165 121
73 126
27 121
107 165
59 152
125 159
53 99
88 100
33 167
152 200
6 160
119 93
143 60
13 134
192 193
54 108
63 281
114 62
12 124
196 4
147 3
121 113
117 164
5 172
19 55
1 58
123 13
10 131
35 30
34 150
131 139
198 51
64 7
137 26
192 187
151 51
10 158
128 84
34 119
73 190
179 57
128 188
63 189
65 139
3 79
90 49
81 36
82 181
190 156
139 67
40 76
109 147
65 87
3 166
142 2
130 68
130 83
91 159
173 90
188 4
167 86
57 42
22 68
98 141
14 179
169 52
110 55
190 73
13 114
173 196
3 200
80 126
86 137
81 78
82 53
150 152
1 14
83 67
72 143
72 6
145 170
155 8
151 11
150 91
177 186
178 7
59 73
9 74
124 127
52 194
125 99
15 181
110 50
118 193
36 194
136 171
171 72
99 128
85 158
139 159
117 51
191 179
34 122
109 196
138 190
127 198
191 62
133 48
126 184
116 96
5 175
91 123
63 190
115 182
131 43
27 75
23 64
50 162
116 187
160 111
113 93
177 159
99 142
83 190
64 139
3 120
134 54
162 169
160 135
172 175
34 179
146 87
116 55
28 74
137 46
171 186
29 124
33 194
167 132
79 78
100 189
163 71
163 147
193 142
42 7
0 0
