1989 552
1791 1016
1411 397
930 1208
928 1251
379 1363
804 442
448 178
354 384
1485 483
1999 753
336 1520
599 326
369 1246
1353 767
156 1341
1319 1504
1914 286
1901 844
1494 828
1652 1431
1748 13
196 191
226 580
1233 266
135 1544
159 1212
1700 485
1582 502
1838 348
658 735
1224 1719
649 1510
1620 1050
1004 4
434 1753
271 1864
1506 463
1647 85
1253 1470
1778 796
1630 990
495 114
128 998
1510 476
1213 1802
1700 932
450 1209
108 1057
1770 112
1316 1761
1865 1587
1181 927
1607 827
1012 860
1855 347
1656 1484
894 1709
1598 1022
263 664
1055 1476
466 754
407 473
1520 72
1531 847
185 846
164 1607
432 903
534 39
1103 456
1141 1450
111 624
343 1377
1780 922
1640 443
1977 1116
909 287
1080 940
1808 1153
470 211
895 1316
1933 501
1305 835
1035 901
122 1696
1357 1263
702 1026
1888 1046
402 1224
1968 42
1502 715
133 1789
1352 1073
1153 61
1364 956
415 1297
1015 1277
1689 1607
178 1811
1302 1535
631 4
518 607
520 1742
131 119
965 1633
391 1098
1422 1300
1728 574
1362 827
1496 1875
1242 349
889 76
37 254
1849 1798
1346 36
1464 111
1966 1541
1410 97
1217 374
1287 1165
1030 708
464 757
840 1826
1142 335
1701 1941
684 146
16 642
270 126
1998 1617
162 1356
637 273
879 1735
1683 533
951 1615
1820 1673
644 528
136 958
1368 1520
99 1703
777 40
923 56
1566 1885
348 1120
1058 510
475 1695
341 911
1429 1581
1444 1937
1195 1264
1609 1839
1349 1302
354 273
821 453
1976 1598
50 78
107 139
1644 1992
44 1049
112 352
300 453
1264 1286
33 779
1229 1528
1945 624
876 1246
978 1149
67 989
681 1222
1039 156
1300 1146
1854 500
694 1898
820 1300
1567 730
1157 19
2000 1611
700 778
396 1786
722 1020
661 1526
1556 1811
1150 544
491 371
1140 205
1229 1844
58 537
1513 1664
1395 1080
393 551
656 386
108 266
643 886
219 428
1166 797
1090 691
352 457
1841 453
505 1769
1593 267
554 1436
1883 1841
1531 1396
1504 925
32 1033
245 1840
698 69
482 1585
288 468
307 1085
1115 555
994 1572
395 1004
1634 1721
597 1902
275 1590
1784 115
1120 736
1176 1602
325 1072
192 571
911 890
640 950
31 975
338 1571
89 893
121 1218
845 1126
409 566
1723 310
398 1312
1651 70
1990 387
1246 1148
712 317
1340 1283
785 1788
1480 1292
1819 1966
267 1715
1536 1914
164 1657
689 1010
782 1098
1133 61
1088 931
1058 1158
477 1002
403 1625
1715 720
522 554
1062 309
34 1685
1557 1735
1399 1092
1649 1564
305 337
130 645
1435 1263
263 399
350 1194
1457 1508
1228 16
853 1731
187 932
1842 806
1241 1433
716 482
989 451
1882 1638
1657 1002
1501 1551
1132 145
985 1952
408 1384
1859 1160
397 1366
387 413
833 797
1701 577
1729 1100
940 526
89 1213
1009 1079
1221 447
273 877
1449 1774
427 137
1919 969
88 1885
1910 1947
601 1865
869 545
1835 1259
1343 1093
1393 628
192 1890
712 281
1102 1278
917 323
1282 1191
757 730
964 742
424 440
1711 512
324 1178
15 1042
441 1027
876 1700
369 1526
649 555
1718 538
824 1557
1197 1659
30 940
1221 1835
1670 1743
576 93
182 1844
162 63
1735 545
1620 175
1572 53
1499 1579
80 53
175 434
410 1372
92 440
449 1032
1219 283
258 961
859 1909
1143 702
1628 1206
1281 1362
1751 900
1537 1322
953 525
377 532
162 1988
1386 337
421 1796
1266 70
1793 1715
1102 1011
1555 917
1972 413
825 671
673 452
1434 1954
1371 741
410 464
63 989
1998 1453
708 1986
838 1045
406 190
1869 477
1983 1140
1136 551
695 53
1108 435
751 1338
888 184
1291 1816
926 1702
280 546
622 826
543 74
1535 528
469 136
492 659
4 198
1145 1662
749 1840
1715 829
504 150
1580 1843
595 1764
690 410
246 1949
247 792
127 1074
893 201
608 1421
670 744
1913 886
749 438
1085 1451
100 1834
847 1372
662 1351
1522 1799
750 1674
1120 1441
1642 1366
946 1889
1716 1074
962 608
832 1570
28 1872
1499 1946
177 1494
1030 1628
1594 421
474 523
640 1382
1602 439
132 1276
1559 1130
917 481
1633 362
196 706
882 804
1096 8
155 1880
1446 100
56 688
1241 90
1109 1715
613 1306
654 214
1745 343
1047 860
1030 1521
899 662
1884 1095
926 765
1457 21
1404 176
210 406
276 266
902 521
1065 992
1630 336
1162 936
990 934
237 1333
1981 655
362 1059
1554 582
942 205
1508 1264
1219 1086
1594 179
1262 1361
585 1095
1185 1045
1617 249
1594 803
585 756
1296 1133
1247 1091
465 1227
1746 385
285 856
524 784
618 31
1395 674
756 1131
1936 1674
1274 587
858 318
1761 664
1912 564
1250 224
1417 382
1471 507
404 255
1810 346
97 665
870 439
841 458
43 1132
356 923
624 1588
196 1212
445 514
972 1110
426 1093
1917 207
510 1856
1679 1017
1817 1934
827 163
30 590
469 1447
1049 70
1239 1738
1984 162
362 1571
1916 1131
1574 430
1660 240
413 753
156 620
820 1569
1856 1837
1385 1789
220 1105
1820 827
1696 1846
273 744
1916 1070
38 789
400 1027
704 1531
600 691
1191 840
1104 1501
553 1282
320 121
1137 1714
1064 926
1935 168
302 318
1864 1705
148 164
1178 1218
203 634
6 1218
268 1249
1819 959
1997 215
1621 1497
326 902
1374 447
38 1068
521 578
1237 380
896 657
1643 1045
379 820
1820 582
1011 1384
299 228
1652 1548
1604 610
1544 1377
230 597
1703 689
1971 1707
285 615
775 806
1193 11
1647 225
386 248
604 763
1625 743
1774 1008
1043 1
147 1163
827 1692
539 614
1846 241
861 1374
1948 1146
1989 722
1509 738
290 1810
1942 516
195 189
677 958
1372 1421
288 379
463 290
596 610
1453 980
1859 1992
1151 1705
1790 11
1737 1157
623 459
223 1361
306 32
822 1786
606 1500
300 1978
477 589
357 940
436 510
1107 1446
1490 523
994 640
1785 783
652 419
519 1366
1042 535
1589 1960
842 1622
819 1221
1407 983
277 1707
960 754
1853 1317
1694 288
1827 358
1734 873
438 727
1514 222
1510 1723
641 1587
1088 1240
121 234
756 520
1856 1133
1742 819
115 18
1075 773
1936 1950
23 1333
1939 1515
206 376
241 1277
598 1309
999 796
895 86
1593 573
320 1907
1094 1733
1039 835
108 711
410 191
1343 1183
1684 1292
764 1464
182 702
978 388
1079 777
1222 1234
1643 220
1588 537
1864 737
667 1742
643 1761
1474 1239
152 1140
1507 120
888 850
1303 571
1699 1624
1592 1881
326 127
1826 962
461 1047
1753 103
824 1340
197 688
1635 864
429 1835
182 1460
1074 1892
156 137
11 987
872 1172
686 495
321 123
378 448
1950 1340
909 553
1093 1012
1378 1990
1209 1623
1624 1630
51 1812
1068 89
1261 1225
226 1272
1826 1214
1701 555
1457 196
876 1580
131 1324
1086 1472
1790 1640
564 801
574 553
1567 196
177 1196
1805 1193
565 429
1282 1826
1211 1508
654 1037
278 1913
1149 1735
1666 24
1797 1348
1958 1268
694 1154
1389 1495
1728 1943
618 1481
1677 1371
1285 426
1936 1272
1708 1318
482 772
1530 1076
1051 1442
224 342
664 1806
1214 460
710 729
1729 1404
1883 1117
455 1168
616 1073
648 1850
444 1491
275 1937
319 1540
812 801
312 1899
1435 920
897 1216
1262 1561
1022 33
1732 762
1306 1136
201 1981
1591 1369
153 221
1575 3
622 1836
158 941
1376 970
1742 1688
425 733
607 1322
1950 1426
882 528
1016 460
259 1335
1766 952
1537 1303
543 462
1457 321
1594 1017
543 215
852 701
1156 227
1229 455
1915 1654
1188 78
976 694
1062 1858
1222 77
317 1482
970 1641
1991 506
943 90
525 1957
411 119
973 954
1892 1826
1656 1048
52 1503
1525 94
247 1160
1070 942
1779 485
163 1857
359 1202
826 2000
1193 889
500 1283
971 456
1695 647
1430 648
539 812
1861 1144
864 301
646 1946
396 893
663 1023
1392 441
1065 1556
1855 1425
314 680
981 1507
1126 1038
347 1655
1052 41
481 246
397 850
1665 1541
1271 1966
186 1217
1919 637
1437 499
28 1564
1141 1733
545 1456
1970 1084
519 653
1679 866
307 730
464 165
768 268
563 1618
1933 103
889 1898
1848 1663
1374 41
1873 1627
976 993
768 265
1096 1781
235 179
299 445
1858 723
752 145
1187 474
913 1455
1037 531
1387 698
1420 842
545 1082
215 143
1738 1645
1770 713
637 94
536 1733
1875 328
1469 1732
773 884
454 1082
1029 1198
1556 1499
653 593
29 848
1006 1996
950 1645
1768 1093
1382 1412
862 1653
1607 957
188 896
388 516
1923 119
1289 806
573 370
1392 1329
1483 890
1982 1633
477 1135
480 1483
688 1430
1128 455
79 66
1425 499
1719 588
1013 1907
1041 1401
1980 963
1078 1268
1326 1208
1195 717
536 235
1165 74
1868 1642
1210 348
681 1898
1335 1366
1910 972
1433 1334
1471 708
1479 483
172 520
1441 151
1483 518
977 366
1727 1729
640 262
1964 1805
337 1832
1003 1104
1737 1685
558 628
1050 24
482 916
627 1191
394 667
920 914
108 1071
1955 183
47 1467
1334 517
1730 1297
322 1624
685 882
284 421
566 399
607 1617
423 206
1656 1339
391 403
1734 1058
1323 204
723 1952
158 907
1556 35
889 110
1660 186
1990 840
428 871
1124 407
1438 1523
1014 611
1504 777
1824 842
1168 227
132 226
1107 337
949 1058
52 614
1646 1787
1503 1756
1003 1246
1745 1844
1232 615
967 1639
1610 47
220 1551
1429 1602
1950 154
1829 82
1938 935
419 443
1551 471
1857 164
116 1200
1224 1429
202 27
1603 1259
1346 127
454 955
174 1106
733 1282
91 334
1231 1803
1720 1313
1740 211
1289 183
1319 1761
39 1434
796 264
420 555
1849 1593
158 664
495 285
1118 1008
16 1741
1298 1872
1632 85
1675 908
1399 971
676 687
1154 1996
4 1035
996 1546
1299 1416
1659 704
565 1817
1368 1061
101 42
117 1823
1366 972
1695 554
1057 926
1019 12
1695 257
608 1690
1819 915
725 814
18 1787
1677 285
1910 1493
1210 970
1151 1253
595 825
632 1518
1797 326
1629 410
809 647
423 263
341 680
428 1589
55 313
427 1361
1451 213
594 1293
122 1644
503 649
794 1313
801 1619
1945 318
972 1829
1947 1383
194 150
1363 14
1600 442
80 1655
1343 1951
81 260
1401 1853
855 694
1532 498
754 1739
1293 1624
539 468
1125 415
998 953
1919 380
705 69
1300 719
118 899
1162 1756
110 504
1706 192
764 663
1602 1176
914 1133
1675 1225
428 524
405 968
549 1531
940 1547
40 1927
745 927
1226 1465
602 1682
183 357
1793 244
1620 1542
565 1841
1143 1742
754 1833
973 1537
261 1497
1942 786
45 1726
1150 1070
583 1076
1372 1068
1860 393
1670 1098
576 27
377 1647
1989 943
1487 688
241 1799
521 771
892 339
1825 390
1125 1870
1420 850
576 46
1653 1418
57 1812
1728 1724
1945 1755
171 322
958 159
822 2
620 1358
926 1391
1807 1265
1215 196
389 641
1173 796
1218 1219
1786 427
637 1844
1053 448
1128 776
392 439
947 271
1397 664
1093 956
1512 1270
1871 437
660 1677
1259 1875
1874 1648
516 1046
1 265
1786 1718
459 1629
770 464
756 1546
413 752
50 149
714 1335
662 225
605 533
219 1265
209 1478
697 1640
682 770
686 682
60 24
524 1211
104 988
1524 1207
1401 276
1257 1643
425 1971
978 644
1753 1140
1177 1529
404 1387
563 658
583 1245
1428 1269
1484 1488
1334 1509
822 1858
719 926
845 1800
133 1804
75 1390
1446 57
423 702
227 1563
1879 1757
1525 822
319 182
1406 1122
1168 231
605 655
1123 1671
1035 980
1947 1961
1383 1747
1651 1186
1822 598
631 1880
1516 612
581 1743
1732 16
813 396
1376 553
1359 497
1721 1590
659 1933
712 1888
967 1250
1834 485
632 1137
135 1375
959 733
1563 395
1806 174
533 1106
1464 549
161 276
502 1094
386 1861
1148 106
1451 1808
39 1252
563 969
1085 1048
1158 1780
741 532
295 1031
95 690
394 1827
1223 1500
1290 1329
1218 1124
1389 312
1510 1249
1460 1617
699 824
1213 1977
75 1776
945 718
381 1661
497 1122
192 792
152 287
1039 546
114 1819
1603 961
704 821
84 92
690 1152
1342 1707
768 1598
88 1538
1574 163
870 76
438 1251
1737 935
372 1486
1284 82
1331 322
185 1002
140 1789
1963 845
166 1605
937 413
756 278
119 1081
1434 207
618 1007
1929 1045
640 366
296 1934
859 225
1420 142
1865 750
465 50
162 1396
1271 564
1562 432
1502 1532
1188 1337
1651 1826
770 1416
1 1344
1046 1532
1267 1342
1466 125
1124 442
1826 989
1192 1848
1039 500
9 1328
574 1553
1761 1633
641 505
526 291
331 1297
1264 1889
188 164
934 1720
989 1833
742 1114
957 1184
496 1503
1933 343
541 1990
1911 532
1318 41
635 1674
282 697
199 130
585 1053
952 474
798 1116
965 518
1662 798
1260 776
1312 1
814 1934
1173 912
1924 640
1001 798
681 199
990 1912
38 1668
1726 272
721 677
746 1076
1351 1268
1594 1012
65 411
1345 934
412 174
1305 1903
904 216
1826 1101
774 180
1782 973
1170 1250
1011 857
917 737
686 1195
1414 989
271 321
256 1422
1334 1880
1390 235
813 1802
409 1676
1262 870
1892 644
1971 223
825 1309
1196 1552
558 207
1966 1033
501 651
1785 1472
1197 55
1454 1035
684 1333
424 919
1703 1784
886 1378
1045 1313
827 1246
1284 1050
70 592
245 1623
708 9
1741 67
1797 1082
1540 993
695 890
3 1574
1336 1711
49 1051
492 1974
1653 1806
800 899
646 1407
969 795
1653 148
1503 1219
1294 800
1287 647
1883 383
1197 577
1273 1201
1864 403
93 1574
9 625
502 220
277 1865
577 1176
510 1985
1703 862
1194 1408
1923 1970
258 722
813 905
161 1196
1660 295
468 860
1716 871
510 847
438 757
1029 497
534 863
361 668
39 209
1299 1290
960 263
1212 930
522 1492
1743 1427
1210 939
643 1063
964 1060
778 1393
1571 1182
1831 1885
210 327
418 1074
688 643
670 673
853 1969
1520 1813
231 732
742 753
1781 42
547 538
1938 1610
1502 998
1946 894
125 1127
281 9
608 1985
1969 853
627 638
1526 1480
606 603
850 394
892 1149
705 672
1191 2000
776 1729
1937 386
788 491
1889 1239
616 572
1521 625
1467 128
166 1435
539 351
72 1622
1831 235
224 237
187 1116
1387 892
1345 577
448 121
1864 1942
64 433
1953 1890
1049 524
1410 1232
1549 1096
1398 983
1635 1749
1056 813
1137 1291
1038 1374
1478 153
317 1927
1056 895
1932 1177
315 1874
1241 966
1864 750
412 912
831 1380
1701 379
32 1363
1224 1962
1976 36
1266 1074
29 785
346 1785
1841 798
1717 574
1113 1147
1372 1636
1010 121
1606 1479
952 985
737 889
1017 1393
1809 1798
1354 1784
1834 9
465 1596
464 807
1499 249
204 1855
1523 778
524 226
149 160
793 1828
1766 1829
336 307
565 1225
881 1958
1033 678
869 373
68 435
980 533
1588 1444
1340 643
1250 1101
497 772
1879 1022
998 1585
739 1348
1412 61
1306 368
1742 530
1249 1257
1121 1484
1683 1494
1552 117
30 1262
1475 539
1905 724
1641 402
1054 1076
981 1609
218 1277
957 1187
1338 133
492 1263
1875 580
68 1131
1701 1552
813 751
660 487
782 302
1749 256
842 1211
537 39
1591 1115
150 1200
1333 1427
1714 520
321 1847
1012 1584
1721 1149
1652 409
849 1203
779 1158
1420 824
1940 1723
129 1753
564 1340
1847 603
509 1438
1275 659
194 608
1643 1908
685 1964
1311 1254
1104 588
403 755
997 809
1515 1334
1967 935
157 1906
214 1844
1215 778
1184 1062
938 1693
56 1910
1808 1935
1552 1272
619 1073
582 1431
1734 727
1391 489
1725 199
1561 615
166 52
1629 266
172 401
601 1356
1020 1096
1049 1076
866 515
440 800
1624 1712
977 253
1851 407
1988 577
1798 33
1554 1594
30 1647
359 906
1913 532
864 71
1445 1884
1167 50
32 956
833 189
224 1367
442 1632
1774 429
1766 1128
462 1625
681 1614
1655 1959
817 1572
421 286
1661 1285
357 1105
1168 1525
1156 1684
1557 1278
639 1947
1024 420
1313 1467
51 1453
1817 1771
1473 998
9 653
1525 1460
1782 1946
1746 1442
787 103
546 1512
1628 1259
1195 741
537 1391
688 1118
1811 1
1419 644
1595 1235
1972 624
233 1538
1267 443
1062 283
224 564
28 1351
1689 1769
862 873
585 1614
1615 679
561 302
1797 1929
1860 1939
1347 60
139 1590
1714 372
1127 537
372 1747
820 596
310 405
1819 1662
1652 1144
80 524
1286 1252
138 1965
1813 1998
1319 1742
1415 1257
645 1475
346 784
621 1617
713 1749
1711 1085
1495 87
1238 1362
49 1023
1701 1758
661 225
1043 1913
1921 565
1282 1919
1884 580
1333 697
783 364
600 1567
986 216
280 291
1927 922
1343 1571
160 704
1620 773
1285 1321
87 1503
1103 688
972 1023
1253 253
941 693
391 1831
1390 1174
1753 1990
297 295
1763 577
586 1246
1057 1929
816 1217
189 435
1990 1474
1313 1635
533 415
322 1505
1439 1575
1759 1937
267 1707
1325 1214
880 1077
1203 1177
1372 522
1312 1515
1768 368
1000 140
1142 1189
575 688
220 1446
322 753
1861 644
258 1299
1776 1574
793 1600
1280 117
813 1717
1194 1573
450 122
94 1319
1637 1419
1244 636
1559 385
1825 1692
631 1602
1137 953
355 997
1155 170
1854 930
1301 646
530 580
763 1343
1854 1514
473 303
1636 567
1623 1272
1544 866
1908 1102
809 1289
350 1440
891 1487
392 803
41 973
1895 34
540 564
1968 860
1464 1821
373 1937
1681 8
1303 837
1605 1727
744 263
92 1590
614 1532
480 100
1481 840
141 585
1370 1593
619 1200
1690 740
1167 549
203 987
479 140
225 44
1085 881
1363 811
1182 1183
903 772
1797 1992
809 1455
1473 1207
1153 57
746 233
1777 1993
973 500
542 1176
1045 578
873 1270
180 631
354 1061
1551 723
1801 734
1183 129
87 1175
495 1542
647 1702
695 261
278 998
494 1612
547 1467
111 646
642 713
1225 1073
1983 1405
1704 1895
22 617
1823 1546
1800 1509
1633 974
4 1178
1706 984
1439 1541
1539 1490
1152 85
956 821
732 1156
1534 1957
228 1074
918 1489
968 940
1858 1142
320 1403
941 1829
593 1473
1833 1325
207 1096
1866 1204
636 1404
693 1346
1489 1207
1724 220
362 814
1734 147
1888 651
1193 412
1149 1051
1554 1469
10 854
603 1525
244 1485
1732 1340
1350 935
1533 753
1186 878
1800 392
601 19
973 1311
458 860
1962 1208
830 667
258 383
135 1827
435 990
1987 1517
1234 1472
1249 130
378 1741
1663 689
926 541
488 1318
699 64
1229 1375
1644 89
894 409
919 1561
224 859
1697 50
243 37
1034 1066
1617 1164
1444 915
383 132
1398 481
620 273
738 685
1459 1967
59 55
1069 531
71 1293
948 1325
1344 1800
1568 1381
167 158
446 1342
879 1447
1814 1262
1580 1211
1744 1757
1484 481
441 500
447 58
60 228
148 196
1521 1096
1521 421
452 1088
1359 620
803 1362
1519 1682
809 1332
944 388
99 687
1702 1141
1168 143
1641 1172
1759 800
1232 1884
585 938
80 1663
33 84
43 1443
663 1049
805 1739
731 1171
627 1675
1116 726
1919 817
1867 643
517 1064
1815 275
1864 604
1717 5
1797 1669
1132 954
1753 1175
1200 752
1395 1807
1114 1133
94 284
1760 1326
1400 43
217 1910
1444 734
531 1258
567 1952
1419 283
1958 960
1637 1626
1650 590
935 824
1348 1687
219 1154
358 909
1248 642
226 130
1600 269
1374 1374
1736 374
1665 266
1632 231
218 608
71 175
1125 1708
1358 774
1856 292
1599 1203
1536 1375
1914 1894
283 718
93 66
848 1693
335 1779
1066 71
152 730
1895 1341
519 112
1949 590
1845 631
1856 1202
1405 1711
1051 560
470 587
1492 1941
37 658
130 1399
1063 1380
1735 841
2 550
733 1257
1891 809
1370 1397
956 1214
27 1974
989 1636
1024 1550
105 1168
598 45
1931 260
893 1330
1323 273
621 1721
275 1984
270 565
1240 161
931 166
1115 1888
938 1142
1813 911
130 1449
1935 1237
1111 1103
1836 1157
308 1323
974 758
652 297
588 830
1575 421
813 1846
986 1611
1564 1475
1334 678
919 271
1377 731
1182 1507
179 1117
301 1291
219 1694
4 1016
978 399
1226 832
988 55
1409 426
1810 1952
1594 1373
1426 927
1608 344
1199 984
633 380
490 812
1054 348
1660 830
41 471
615 1757
871 1841
588 1859
1453 552
1267 1436
1919 775
1029 848
201 1957
455 102
712 1439
735 1092
1487 1105
1704 1392
321 533
1434 1543
1005 1606
1299 1876
1446 1444
1291 455
1554 114
1892 1472
889 477
320 647
433 332
750 702
1329 1042
1795 815
1704 1055
206 25
1197 1568
149 802
866 24
309 872
1818 1863
986 1709
892 1876
185 769
79 176
1101 829
878 429
1429 229
801 1132
1284 565
714 429
1762 281
578 121
704 160
1483 571
1032 1300
1991 18
882 1451
751 1651
1530 484
309 1917
919 295
1345 1149
1097 33
1662 748
418 980
586 554
658 1291
0 0
