6498 15584
2625 7465
1582 2830
1566 13992
1929 13637
2996 7493
486 15279
12038 16327
6722 18286
15545 19712
20000 6931
6993 15531
11931 8382
7338 467
9356 209
7020 15854
15793 13367
7039 1095
16197 8605
18808 18127
2241 5525
5619 6448
803 1377
2775 7525
19663 2040
10957 19662
12692 17950
18914 4623
6332 9972
8811 15688
10181 19553
15262 9694
12919 2300
14510 9115
14627 13318
10962 588
18843 301
7037 3366
1678 13533
10892 5061
15573 5569
8444 8265
3519 11078
16609 9851
1049 9140
9259 14951
8692 8241
4644 1610
10541 2874
14447 8888
16192 5408
9477 18755
9431 16514
2121 11109
10046 16734
19892 9339
2302 12056
17604 9542
3133 17933
3113 7903
7073 16093
6574 15765
4333 11218
1096 18596
14092 15543
7483 14005
4671 680
16480 14102
17194 2321
8932 10960
2775 8823
299 8799
4599 1623
18341 11453
19557 5175
19356 10350
1267 9650
6114 5601
867 10931
4196 18680
10194 15400
16405 14866
16081 12885
8967 16995
18927 1619
7955 1702
14163 11975
10501 18762
17319 12562
10214 595
17737 13290
10945 19005
2939 780
4605 7527
11711 12522
9928 1905
11642 6332
491 7722
2937 13179
8438 1864
14799 16393
7287 8961
12088 17788
11444 9406
10349 1657
10002 11807
18669 946
10811 1607
5447 19137
12856 17159
15379 2783
2784 7020
12836 3275
18464 15774
16454 10622
1358 11252
7014 8645
3934 2822
10153 15378
15949 4222
755 9671
16029 19424
14339 10560
4752 19786
13417 17608
16944 8795
4111 19728
19537 16947
6723 1720
16441 3177
12342 1519
14429 3076
13885 18363
9619 4037
17461 5567
11981 18217
15239 8009
17640 13298
2290 6112
13083 15707
3719 13748
8223 11551
17196 7759
12219 3919
13200 8659
7096 5541
13900 5245
12338 7784
7329 1956
15543 4789
7523 7523
6726 6482
19253 4366
19780 1542
10478 12863
970 17919
10331 9193
13190 7526
672 5408
11445 13872
17789 2261
19413 11688
7507 11750
3192 14836
13706 18735
3345 4949
6257 10072
11432 5510
18159 14932
10773 12357
11515 11743
13996 1845
4656 7186
9372 5328
16315 4537
19200 14103
6799 2332
9511 14306
17803 12704
12862 15229
15159 19928
178 1416
9999 15331
10647 11878
10262 5140
4235 1777
604 1951
7343 5260
9137 16715
10589 5452
1252 9788
3275 8051
12121 16508
6077 13644
9211 18939
8873 4369
2586 9051
9506 16307
4381 3873
8184 18364
12735 16140
3861 13339
18092 11205
2319 10949
11640 12908
121 12892
6417 3397
4663 2258
19905 10740
15902 12836
13399 4774
925 19707
13825 14153
16013 1926
1746 4196
4011 14481
4057 11593
11540 5869
2797 13860
16818 18159
6767 16940
11050 16905
4057 19435
19163 7682
13895 15065
4238 11015
3559 8884
10721 1105
3036 6733
6752 8504
14650 10763
6705 2427
2356 18246
8296 8874
12105 5114
7032 2592
5774 1803
3218 13552
4958 2380
4954 18853
1165 12913
13588 4725
1796 8029
9551 8554
18483 16303
17058 13133
10787 7483
19281 16864
5728 7577
5737 1553
16412 16491
7867 2185
2014 11085
19458 6972
17186 4411
9545 18352
17324 3133
6797 2840
11162 16348
11394 9645
16371 12172
6498 7157
19656 5778
4020 9104
17076 9758
10658 13487
9969 2245
15672 11983
13330 18850
2675 10515
3260 12220
12587 4304
19074 3104
7145 10236
3172 2259
3601 19544
14432 13820
6700 17808
19598 14442
6911 394
7920 17569
13881 17889
19814 13274
13592 16864
12123 16267
11100 19105
12207 7407
3408 11281
10512 14274
5237 17405
254 8838
16948 14686
2657 7369
16214 5975
1810 3124
6369 9730
4414 250
11339 7948
17245 4930
4812 9367
4917 19633
12192 17124
7039 19322
8404 17551
13595 13641
14956 13849
2478 15624
12255 8856
6713 8468
18553 8523
15314 8642
1973 19728
12613 13312
7675 9857
1962 16208
19225 6879
15840 11416
4003 2879
10737 12407
4150 8053
9769 2826
5622 15968
2171 1598
4824 8884
13787 7097
17408 9100
15739 3101
12548 8352
134 223
18209 2096
151 1153
12697 15992
16291 16700
18871 7027
12827 6741
18801 2595
9568 8144
2284 11739
9742 7108
622 3528
17926 1750
16350 13664
8573 8897
2015 8707
12841 224
14524 12993
1377 7220
12705 17668
3919 15296
8416 467
2036 10937
6783 15325
19081 9067
10784 8822
19896 15128
16072 17821
16878 12421
11485 9171
5038 17221
17878 17880
17445 12402
14593 2543
19622 11018
3931 7262
6313 16068
11450 8349
7005 18233
7395 6085
11021 18179
18629 10916
13306 18421
12458 13905
10841 7663
3075 19600
4883 953
1199 2328
17076 19513
8592 417
10530 12523
7679 16843
12312 19129
8913 19317
1082 16308
9122 12103
18207 11471
3018 11513
9891 19197
9138 4452
6859 12213
7773 11743
16887 8972
17792 17683
8485 6383
18101 19015
2626 5779
19579 14938
8629 12212
17975 9711
8519 10818
1813 10446
6009 8552
5679 15901
7749 14817
4073 18329
7030 11846
10071 7637
4539 7862
5320 13024
17966 3420
15759 592
12920 19058
19251 1548
11269 946
14980 3508
15485 16793
13955 1493
9066 19634
1114 535
14451 5188
18864 5201
754 8935
16559 5293
517 1878
2037 18484
9019 1517
2796 1939
574 5767
7208 11844
6713 2188
19073 5918
18981 13027
7412 11767
16382 8526
12302 14553
17435 11166
19754 18190
3821 16312
7203 4338
1911 9241
2821 10930
14479 5617
12869 15053
11385 77
10617 1818
5986 13411
7737 4966
6437 18870
454 6539
7395 12756
1091 8551
7642 844
10461 11463
877 1384
15802 6509
14346 2343
17439 8824
11682 14029
7598 3066
17827 18215
8605 3812
15346 62
1783 18932
12953 8322
10048 9430
13135 18599
17072 13979
12780 8535
18577 14164
8057 5085
8510 10400
6245 17334
2081 273
4931 8868
1820 6867
1194 5632
2212 1256
1851 7716
188 14805
19760 13957
7955 12894
16276 5026
10593 9055
17282 12891
6939 5338
1696 15449
15739 7941
16504 1540
11935 5155
10409 13755
15743 11603
3107 1676
16580 4959
13113 488
3484 12872
14445 11439
9486 10720
185 3800
3495 17468
411 14156
2805 2107
9604 2264
10049 9828
3805 5704
18705 17935
19460 14447
13258 6287
19844 13558
11246 12957
14047 18451
9549 12212
13610 2756
6653 13796
6556 10148
11263 6967
4303 17789
12795 17629
3774 2843
11177 7579
8548 9881
9234 11728
8049 6212
18015 7892
19770 12982
848 13816
15153 10398
6028 8763
13154 12681
6279 3430
6549 1262
14118 14574
19051 6912
15923 6545
13477 7099
14124 5745
16981 7078
1193 5029
13290 19208
12921 13060
15910 17491
6875 11063
11609 16624
3546 8483
13025 9825
11913 19575
11087 9751
17869 13858
16663 13791
403 13860
889 18248
19605 1590
5326 4518
10340 2336
3726 6982
15396 3356
4472 5992
18140 19802
6336 1685
8284 19362
11510 3917
2656 6317
13668 524
3896 14051
18036 8020
11632 2645
9988 14957
4236 19035
19476 14576
1371 6922
5278 487
10278 13471
6479 8418
13272 16537
10103 1555
15898 5334
5472 2274
15372 2860
2798 2988
632 833
11008 12264
3478 4717
10941 11435
3751 10416
9732 5122
17338 15010
9331 7616
8481 19531
19755 1752
16067 9857
7029 11964
18912 16222
17959 18005
2803 756
992 7156
5310 15722
3140 12510
438 14081
7665 4189
4497 17397
13033 1834
16128 6084
13171 8329
5614 12925
13802 1681
6503 4551
17366 9135
773 15325
7139 7297
19802 8132
14453 8833
3853 17593
1342 8012
11673 12728
15922 16170
13846 8954
1725 9973
15038 14896
2022 4373
11542 15824
6054 1765
4096 7140
10900 4869
2464 18040
12166 5987
6171 6618
14820 13745
4210 19883
5477 19604
12610 1398
15774 6455
14074 1219
148 12832
19836 5891
17205 11377
5436 6979
13142 9532
14120 4042
18122 304
5802 10287
6291 15694
625 1110
9438 8556
4713 18636
8159 17324
33 7499
17828 8872
11369 10660
8708 980
11585 84
6416 18565
16948 15948
16405 4710
14069 16709
10512 8076
3000 6205
12422 7831
19364 977
12545 17999
9137 13589
1752 510
4808 19581
9383 19898
13961 18091
878 5545
1895 7294
7830 2563
6963 4234
7273 4752
943 17785
16550 7664
3989 8971
19216 7073
9949 15481
5071 2806
9069 6824
3316 17599
10125 16420
17496 4085
18231 18374
9630 3847
9389 17461
6410 72
5415 17405
4824 6358
18910 1373
17743 2899
14066 16959
13693 4014
12439 18765
0 0
