52785 60918
129361 182860
46143 166785
183884 20645
130480 179985
94767 183884
8580 67811
46128 45849
29046 111200
43567 102317
74481 26645
134881 21071
16711 136016
104614 188588
141514 150248
125518 194299
11165 181968
104247 184398
148752 88131
5042 6321
195205 26898
190205 3784
94710 36332
49633 50845
74621 20289
80251 149103
46934 15131
97263 190735
78236 1876
179322 19750
152124 31928
141138 90378
13896 45385
74775 89737
60605 6906
96058 55809
33805 86263
186683 55604
49684 36315
33538 124306
183694 113789
497 30628
56010 97760
21362 134246
26726 684
81085 105939
159702 22223
196318 173598
194698 198182
63335 55302
5088 86482
38200 165983
99834 24882
148676 149519
188287 182214
913 171980
96002 1410
129697 79101
26259 151060
140437 52985
78833 21521
158925 165624
170834 82331
139222 165531
80512 129646
147922 85600
16127 113211
178672 115962
65182 127347
192570 180558
109560 193483
152538 132652
121982 9323
138842 148241
160383 79278
1226 166305
27889 87240
131929 198723
169571 198240
91343 50082
54974 166354
62772 71101
6654 168533
114152 71836
95880 33810
52394 132529
27292 132021
192270 76363
141344 131112
24604 28816
10389 152920
122210 165368
40159 181228
91180 9729
106556 182523
186901 161530
75965 176762
159721 82619
145295 73872
81545 41174
107683 61028
100792 62064
193049 93062
138428 61481
24173 163032
90297 161652
43040 139597
127020 83199
120824 145289
20017 27380
127811 134007
188910 130865
110769 75719
140574 183153
149592 149208
151416 184364
10235 52207
46427 130373
72358 111944
191854 96531
2064 9240
185273 45104
148837 39381
128303 196750
184670 75409
151219 39569
9416 67218
97523 47274
142937 38096
30426 92528
187304 181842
3980 197539
161138 50408
55000 33496
89441 46854
57116 91506
56094 42388
136610 132020
8858 192003
55858 193528
67411 7077
160186 3916
74295 57709
51190 17231
95805 81616
36849 10198
190547 40829
134826 78774
18326 189827
112270 107768
36680 169386
199274 19863
138864 62972
78972 147722
54974 134830
68339 122386
141907 28524
126302 143291
86233 177493
87612 109128
186198 124461
119326 103834
92379 54151
182608 37795
171067 21966
72652 134836
118441 71925
81788 57304
61986 160760
132116 116961
22679 454
39346 164586
156068 92737
34966 169391
197319 122578
78518 110606
47038 124933
14439 66506
106173 124136
104301 77240
146102 176953
12075 64542
175967 93864
48936 37953
54623 181052
154914 4391
108595 121349
96067 191752
14085 131033
161142 138494
53610 166749
49099 27737
91681 63538
21332 197855
114763 125634
75094 60864
29675 14258
52495 5642
108122 101431
170685 89835
9571 52687
94226 45255
174036 190293
37007 115210
48414 125238
53703 102024
91987 102802
56850 183668
93429 78183
108611 8191
3816 183705
69055 160581
197964 48640
166223 33174
150071 63996
123009 86732
116683 144325
131987 17807
61706 96083
133018 110121
21321 113810
139234 113308
16612 196085
24064 37130
74267 132676
45322 5172
43469 41466
165753 168522
90106 59065
1696 167267
123061 51794
181088 166834
123208 40163
184641 184915
136247 44747
95035 157568
158558 34268
197965 102259
157442 22028
139389 31708
81793 111800
163970 125263
153267 56812
93784 170462
115877 95480
64817 166027
74364 172994
132860 197572
13157 44590
182486 149404
89337 4609
34060 47894
38878 32024
150153 196320
181142 16631
155118 62935
128431 119087
188198 8786
102988 81981
106338 18864
104551 98244
111981 178915
71238 171930
176486 84395
16519 158972
160888 105857
90670 194948
80840 129548
26971 158083
52957 8112
174714 135164
198137 103144
181340 186334
39020 84328
195405 145358
30281 99955
43601 142262
78869 114839
41281 182444
126323 57800
68504 87210
90746 159175
82157 98676
15811 36217
56758 68768
171420 31471
131021 169556
61704 112361
82979 27813
196689 78383
173171 26969
178338 143862
96321 184296
58700 137602
93828 112113
122491 162333
199323 140327
48596 8569
39002 64407
44786 95760
60265 143295
54320 191286
39940 43113
30735 122919
70927 27423
1301 171187
181483 106728
115048 77803
18112 100838
142494 111940
12950 64984
1361 139362
132400 177047
147931 171402
168544 119807
194251 28808
63101 175660
147183 103041
18773 177919
25959 16789
5341 154350
115065 113913
61077 30113
118805 6278
58040 61298
45308 198080
53372 173759
137441 185772
150806 85372
157174 119349
5178 78513
75246 68279
54173 22428
98410 35
124369 143914
59867 5808
58978 173780
66885 16180
92585 253
1309 153883
45561 199389
134344 146409
136830 120116
24303 22201
4378 143652
154469 82891
145987 22747
64153 168416
48246 191278
95851 172616
135191 82807
178424 121259
56587 172398
137439 149172
99740 65838
30143 72390
65226 91577
18799 2055
11692 43102
151346 143160
113844 105814
153140 59830
55651 17293
155335 103897
8570 178276
76512 70851
61082 182025
192110 117669
81512 56637
193930 181252
122475 151163
53642 187702
42739 72441
116846 181521
42632 68192
51769 156476
174006 4908
16306 29656
149291 98730
133554 84951
77005 137155
155802 138088
46269 147911
182846 127781
131637 176776
109032 181202
55027 162674
168903 24855
162204 12837
6375 4836
81029 58144
88401 182125
190142 31796
11780 139433
130527 72423
24383 7531
9578 180185
72708 182937
55184 55554
110717 113910
159419 19748
95111 14445
109512 191103
39300 198805
3940 172765
130730 84969
157998 146221
194183 148139
178017 5963
87571 108543
5475 111954
43164 142143
19227 115872
125079 1500
98515 35795
115411 185023
182634 10521
199468 19234
1624 165857
18038 5564
65710 75858
17622 23707
22078 11805
98936 94
144858 186507
35727 150333
25550 5980
19565 171867
48941 144644
173368 147457
180440 88778
132479 90162
99299 59036
109396 28012
151982 54523
160666 144782
130381 178289
95578 79548
117183 194514
6732 62040
108110 42459
139462 60749
48439 159027
32615 97380
30760 133072
171926 138289
148939 31494
28450 175328
17619 64935
3339 169601
119458 164006
114382 176929
69383 137050
183566 186566
131563 190298
175695 39672
32756 42245
27510 8284
1272 60126
32754 159122
120287 4679
97410 69226
36173 125860
44553 53792
190795 47892
150483 37341
138987 191954
141359 8369
129003 124925
122024 187656
115222 97718
154417 75068
139964 181928
83352 68325
169143 43195
27446 89429
47875 51945
158655 11137
177805 3207
192020 95688
178190 69591
133029 117176
188634 74388
125546 44726
126402 47569
32381 41623
72377 186798
43780 139430
168725 54222
134844 137867
97417 89379
154386 72381
141324 113040
83519 119128
43337 2627
141905 21526
199308 74933
65791 187941
76410 118426
32666 2811
165996 192137
171525 165462
178935 15304
104891 74748
69526 166824
139705 94033
56202 94090
166414 197526
134219 177022
43742 177556
179649 185647
126171 106045
187669 191963
21075 191169
37477 53741
193980 3472
45878 92593
96023 151902
34987 128003
26649 31602
94826 166354
125635 151028
187533 92049
75642 121752
69070 119384
26396 175809
32119 79657
81853 19788
71619 30017
10956 36185
83759 132025
39658 56726
151708 62770
8627 186695
190774 162366
145386 85599
128720 71021
163717 43341
163070 39358
165093 159229
85832 191490
135037 45040
71146 143980
191918 69854
173997 2873
106039 184845
61988 72786
168660 140785
135557 177287
54568 53419
66742 199954
139018 122551
70974 102734
165892 161133
142093 130985
47451 155014
49563 109577
53 53556
191972 44741
154643 121934
77869 66576
111011 150656
35236 51795
13301 139612
106363 66720
133443 33406
132827 55993
31469 35561
21885 192603
104743 152870
40053 186846
129522 149630
186899 177320
130276 105959
149150 12007
27893 27018
5672 65993
104763 167998
117789 118064
34699 151241
111873 168142
111736 171790
24135 143206
7350 46020
62897 39182
125979 30039
153117 182590
106758 140015
86998 37033
173064 36147
176130 956
63165 108892
66949 167929
76889 111827
13081 111588
190158 52044
6819 101893
23833 30954
172188 158273
4063 35084
197455 130042
65123 150571
112631 171882
17674 126718
136004 190738
162865 39223
118783 26029
148115 112822
121047 152093
24648 61218
63681 141895
113262 70500
170878 137095
28543 143065
95367 32606
178150 19910
89737 170362
97570 129457
142243 115244
56174 5336
33071 19038
44559 151854
172157 192674
64675 93204
71855 16413
154422 62625
85397 194773
60214 56274
131867 88757
199340 154323
121363 104578
174233 11099
74939 71802
140556 17182
114135 123819
149608 147206
142857 194167
26149 115014
113929 90824
135307 185784
34326 16817
48409 119724
11589 108623
175998 143456
124470 102426
97778 172922
7003 199100
184022 81943
70901 51666
26214 185036
175486 175822
59331 45431
97077 85480
160445 11005
103393 22840
123878 137720
39657 99376
184533 51246
7999 160530
121791 59558
190046 146658
32479 197049
145757 143590
6080 143747
195257 159384
55872 97831
135205 115203
70351 159371
127772 157886
170376 31164
180726 21343
95973 147473
120719 80505
125808 55807
168125 47599
115365 158170
121346 147845
82307 194193
91434 88388
65028 13779
47771 120900
38699 110066
163192 109051
69436 90963
66936 166902
49217 47661
188245 145190
122223 108963
152785 48031
164771 120909
22719 80135
79078 71154
27979 161385
65346 46503
176862 130375
60282 24633
178364 98982
61788 141556
8032 131224
159608 2057
98125 8824
176808 86369
81104 99031
122422 33888
147062 87192
154797 169781
94416 160964
40934 49485
49437 33370
95988 26299
90834 83359
178022 69197
182341 39809
10752 117462
171033 97450
119519 196248
106274 96327
9705 187378
122447 132127
148355 69508
146408 103151
166378 167914
191204 134401
17398 40641
94860 40475
66940 185694
123834 172051
54891 33264
11859 192733
77815 109981
90182 124424
33317 196457
147840 43023
110923 70286
175150 59278
139794 48647
89518 33260
16560 80722
94750 33958
121363 189611
1522 115392
175304 52445
87442 30194
12798 26390
22927 90614
63460 113109
15037 96778
36654 89966
139801 74667
160252 42039
133945 27134
90686 150552
60394 34335
31273 155144
195383 152636
144754 196905
195117 47147
176440 9647
77341 189238
36037 27357
79851 99498
67556 21977
123365 31299
111943 63165
105966 199284
32293 167000
26417 50069
117552 13900
84404 148825
169045 79787
28550 40887
3780 23666
15123 180220
33314 19554
169458 196441
46911 176398
23027 41556
125465 146392
72856 164497
136646 178822
163781 168940
145822 117287
19008 63373
131188 30501
139287 27321
37377 167837
195298 41158
118593 10421
148467 78996
29975 45013
75436 3975
21411 98464
45532 73965
171945 45477
38461 108591
151388 129331
4619 97209
46618 150717
87671 177806
181218 154048
132216 18595
121884 127513
186843 40476
137934 62398
119472 94998
107412 121998
26063 55912
147551 71595
129877 119495
44161 95427
155175 195549
24758 159794
19847 71376
110510 34607
176271 18817
188655 108486
164502 110539
163088 78433
78104 28111
140831 124666
123109 175332
46663 149172
31243 121303
147856 88209
40797 192017
110726 195973
114655 135484
82855 134502
133949 120455
96198 37308
139272 84853
72883 103773
122481 35970
109295 584
64081 50125
52339 187191
25457 26091
63451 183790
147394 138397
199089 188192
130413 109814
111253 172157
172387 121197
33747 106335
41651 129946
70732 108012
14798 143615
138874 137279
179585 48168
64952 43666
98294 44381
157946 50840
70472 148486
161719 17866
86882 87896
6057 144385
197710 44399
116541 97185
165596 150289
3519 134337
80234 1340
42348 22121
144955 181223
86489 124540
156480 78530
95295 54773
122911 53240
32702 193384
1725 121511
11249 15697
9406 144396
160082 7116
115884 76622
31390 8568
154000 34910
142905 161323
163340 112343
183444 108295
20654 197022
32834 177134
75552 128129
158997 125552
108458 118788
118935 37272
40298 57273
52969 49705
128758 13050
183911 44641
16762 15300
53210 170762
177300 123204
132085 140640
35546 42617
48934 56200
39639 8857
160424 42280
64075 119420
167832 99622
38207 13856
136894 78506
71129 116953
55300 199888
57092 39210
171618 73854
181600 24827
44616 158900
148032 103790
26628 110667
73496 75562
93957 113135
11508 54380
82504 75583
100889 177426
175205 139096
191282 39187
144691 189500
156140 199991
116476 13232
166290 88094
14175 74979
40010 185881
33878 188042
89670 187596
25798 163167
190247 119755
3390 1754
101224 12984
4426 2112
190410 179631
141208 181691
145907 12988
171190 29136
140068 14755
169458 33447
102849 183633
108426 142859
169514 69393
57990 186273
56988 83788
76528 47234
130632 79919
176078 31855
92903 180504
33967 10401
87223 102264
192092 33129
115252 90370
189355 55320
105125 158812
15856 7973
69534 124282
77922 39047
120764 135912
152409 177752
146789 28937
152075 77420
35945 128152
109275 55937
108655 143242
66338 195878
45505 185519
156096 87847
75888 145451
70256 108103
104262 86112
43165 173796
10393 121087
139932 58246
184088 19430
35997 130876
48367 115161
8295 11401
43312 117570
194428 79056
187901 187855
74933 33406
173373 31028
48342 176350
176479 118598
84452 7830
4709 54707
108715 142192
175794 48647
437 159882
195167 163524
90757 170623
78684 26142
182024 121996
70801 103540
1051 58702
91394 3073
19197 191856
161191 67539
168205 64759
186137 179747
72589 117935
161543 108393
60126 137336
84129 187653
24306 79295
151176 115064
49917 29859
68295 159030
78944 139096
62569 7084
197798 153963
137247 144084
72907 98437
138712 168202
90285 124848
75037 162874
169872 36579
198357 29997
173915 82485
17649 198222
161781 95914
40374 138787
52862 35758
97817 58895
174854 160386
65979 99741
41438 130315
43824 114345
155842 182537
9635 46126
34473 84672
136090 4345
121251 134446
161432 22255
144020 106171
147566 105800
2084 187940
171677 54947
23697 69493
113842 125640
156968 106911
25380 198406
37225 196295
39840 120156
105920 49475
166283 140393
134148 102372
71827 182488
163907 33259
4742 107926
139430 152308
140816 68603
140247 112492
123550 91033
181985 164482
16673 138952
71392 169143
64447 35706
165437 31376
155863 71356
80851 49234
138839 142088
151606 10665
124576 115512
171014 129318
150527 37532
81626 91342
106136 148962
3833 156775
167085 112907
121256 110847
178949 119737
79989 43395
82533 172516
74771 165485
170961 82711
14718 109799
24799 93413
47554 149375
136014 145657
78692 86540
110279 87407
177883 16414
163459 108805
100278 130543
21712 21534
41389 660
68360 48467
171145 150893
148072 173005
116377 119033
55715 58184
155921 80514
151597 130564
156978 87610
76221 162760
101240 186500
50166 79122
130003 13624
187927 157370
71256 136728
105993 112645
64477 174354
88202 35621
52335 36273
8625 95802
82395 191431
153986 38316
71944 105583
95969 156012
120282 172190
118771 21521
85778 96026
27732 142870
36740 142749
100240 107996
79476 6232
147731 143954
107675 35932
106664 160011
199295 42379
55812 81690
33809 9797
47095 32842
42469 143064
188854 89841
42343 107624
111362 55210
130740 139095
198081 167480
8932 25409
75475 88408
158731 23205
159451 66406
186227 193205
153506 112611
35583 9317
194301 69392
146204 168485
102234 115763
111548 91088
5603 153891
125801 44054
136191 56540
110238 134271
151109 119170
86769 26584
134668 45499
176879 21207
38994 90195
14411 192500
2805 49994
128906 124195
119386 2199
92679 148710
117962 4226
166887 50654
85207 19776
94708 21397
3406 132036
82757 154515
51205 96615
181099 112962
69203 85067
134170 108198
175262 148581
27786 178067
125665 83782
29350 172140
85981 122029
120849 3942
53344 14824
181686 65640
34601 76393
14126 38007
135518 23972
192522 186724
120587 100710
26774 189791
112866 160944
25077 88127
36614 179953
193283 162279
63734 22632
61507 149715
71750 109446
80746 125094
124270 62431
190735 85960
65914 4860
123967 1431
28833 43578
115244 76509
71377 142019
193389 111332
30051 145555
199459 193755
125508 119830
83122 189242
69551 144630
66046 141301
54075 73881
66394 178345
136313 184218
191395 129316
116168 42450
57836 72090
86028 100170
148599 84494
169278 69077
195826 199329
14631 122373
120173 140139
169292 3294
56470 38842
147924 49605
180143 1998
123486 173627
107433 186888
84933 98827
116203 1100
141277 101129
279 154395
1298 75968
165978 97665
145045 88893
24082 159676
138355 144255
26904 107647
147550 10463
73578 95473
60068 180811
24561 183554
81526 131994
170442 166459
157910 13733
94649 26275
41951 94928
107759 170339
170896 73737
68003 115940
89719 92086
2705 28073
36340 29609
62809 183890
40072 136388
6452 27229
117198 31013
10782 125813
90096 108313
92271 48005
49136 186920
1369 91087
8937 109129
188516 179833
109955 56518
22862 199674
148604 25567
154836 112034
182266 17645
95923 149427
81122 102375
176656 125409
60477 114527
51221 150573
22840 70581
125667 199066
184591 127037
17241 193528
163255 5756
100449 298
62275 123311
199972 137968
75967 81896
50001 185322
26630 73014
134748 107752
102478 111403
160250 162956
25930 11470
40617 175860
9141 166285
174925 193732
20410 119255
187259 110754
125012 87707
111052 114376
138108 38112
52343 141164
47097 102345
126486 73728
102448 188323
108569 4925
99726 68819
94970 52745
7378 135588
155694 16519
28961 130618
137340 176461
49872 124598
87214 101973
139395 125355
16348 77502
163467 68692
145755 137653
98126 72240
11380 127663
60563 47039
132588 87378
115858 27558
67212 50325
163146 22905
193935 119196
80612 131274
95656 57573
182962 182870
159547 122356
108224 102984
126947 198780
98765 199791
136432 123980
199121 74902
51642 186773
121941 184231
74150 164888
138878 68451
142302 29112
91356 136236
148308 99057
194600 43963
156630 104650
26832 43265
27005 62145
146250 81041
188014 172104
80831 51534
96084 79951
53525 147726
193813 175466
59045 67962
67442 197923
63502 9744
27034 81947
73069 175342
181004 67668
19304 64723
172318 173226
35077 126412
162460 108416
134542 77562
80520 142463
56186 176604
149503 109711
51418 143316
12266 110464
138367 79708
108386 1869
89452 135421
83816 162522
37851 191910
157279 57156
56632 56686
157471 91709
110187 47020
125 44729
124582 80645
187192 180768
184338 63783
90479 35755
7098 102745
146219 145466
109542 181695
147335 198995
117115 158240
88605 82055
150149 45883
66300 6780
29658 23771
25579 139846
70791 25704
184575 122462
33438 98855
103230 17775
162638 120798
53530 96826
150632 126839
42291 60173
108533 116715
186257 152737
2043 74861
34791 79282
47834 101092
86062 77492
51952 38730
144427 122743
191524 56090
45204 24961
82034 75523
169826 171762
196321 23356
68587 74041
77284 37967
134215 185817
81771 47560
65642 83814
122422 100433
163096 97345
128614 176248
101926 180566
142067 173443
30397 133591
29532 2691
158552 111567
78214 128378
83328 1624
78823 151915
2754 83196
116971 64058
196102 198742
111619 61743
9644 161130
89265 99830
58474 17879
76077 87489
125534 18143
60931 83021
78823 90464
85712 37375
129120 91015
92842 139537
92639 171665
18540 22483
181950 135511
86541 178051
134252 198160
39793 70985
159289 56147
170815 144852
74026 173981
159431 126650
192125 20361
9670 70947
37914 22471
35411 94123
113486 128253
33659 133215
27006 52199
155698 8955
187710 42238
114095 49050
40398 153888
120036 126776
10035 17939
198718 11150
191921 158148
64889 111134
105598 1648
109170 70602
24119 144582
164725 137606
199924 198385
197910 154020
50583 153607
90064 165383
195845 4159
141522 163332
85136 61557
17197 22260
6586 15914
160501 198507
101151 25389
109640 6748
154128 18809
77350 178247
90480 169165
42941 90404
167549 40850
171513 145221
121546 61576
37692 44480
192825 179215
7811 77961
167861 152098
27310 174447
95101 187811
100042 196252
140290 9681
130090 94417
28491 134529
199753 46060
103693 169784
136464 198331
10633 35065
70641 132180
96642 108333
176660 16555
14636 111560
94516 109587
190748 48916
11122 85848
36726 111165
9189 104105
120846 66368
125611 76426
896 125364
122487 104590
95147 186040
30009 32869
21105 100650
92138 44836
136073 195887
61391 77798
34536 82997
187385 25283
131913 198508
38220 95728
109672 174499
199834 157607
40866 125444
34033 41763
177897 156520
73442 132
69648 103451
160092 90753
131191 52229
62678 67263
48116 124070
145061 9741
7066 59535
162114 138979
58042 333
34706 94803
101922 161629
52409 142788
14162 86442
111640 192059
170051 185082
192192 166789
15622 152283
184631 146813
131601 47309
141165 106806
171379 13314
116547 105534
72849 78660
171602 57980
6083 133397
79872 108005
95026 132282
50792 109188
145813 162433
28335 42953
74603 147616
9741 90225
26987 194372
164127 158589
41680 32380
65394 140148
172785 109031
172771 172723
187691 71461
30703 120863
4858 37664
28867 26973
169946 6749
63250 115759
169182 91585
158712 170874
39201 95542
188189 66188
89913 79404
151866 58683
111785 17260
125920 84569
53380 98691
57291 41070
97241 15083
161934 102099
52748 117890
129072 149783
124639 119411
192631 20909
10996 151342
191784 177287
173973 179972
43474 63886
186465 122430
49658 98249
139690 175578
109907 120159
1357 94288
161229 98599
109371 50251
127787 89208
95231 183949
38991 19869
103359 31621
40779 114355
110053 159652
91641 84025
66712 62205
75000 53176
184635 124658
78515 51413
27325 188422
98661 155772
82709 59889
54370 119170
37230 182158
135467 132461
166106 101547
79419 196554
133169 47287
110909 170311
6938 129639
181425 739
118933 183515
53916 30656
108172 132431
9158 62586
47941 107819
18358 130651
94798 72728
176910 59117
181975 112376
118667 75169
13923 198086
71723 74181
45373 109721
171581 179401
39359 153005
180141 85382
136519 34056
116038 171781
93576 52286
34366 141517
160105 52724
199257 181992
52542 103255
41108 161606
15631 159775
36775 156644
157861 35587
30824 130323
145308 129494
36812 111756
82498 16952
197138 146107
178098 40265
44976 71673
92551 79342
140280 179745
59156 66625
161737 38787
169881 2844
392 112601
89709 164257
69244 174659
199844 27157
104981 145151
156651 141793
56907 166238
85835 181134
112344 63932
21398 157320
62695 41038
163752 130064
20783 149997
123778 109609
188784 93658
112453 189176
6258 129251
80522 2591
103909 80365
0 0
