1737166 153722
915022 1205668
137043 1282900
1095777 1922829
1920167 1685136
69913 1003753
873080 715661
1774402 1408933
1861865 1244906
933474 574041
1438784 1151009
1413516 1954583
1883722 1061520
635872 290859
167963 1037551
1245749 1905129
1191273 160770
1110796 1328316
1961096 723998
1251144 1881263
409134 1838483
885015 1282214
554144 1176842
1208573 933434
421747 659472
24901 1860531
1810481 1955843
332538 211627
1017362 968411
1019913 1702751
5961 265661
1607880 1197234
943857 1236101
1042975 904953
1960100 294118
1303641 369233
132601 188655
168872 1204171
1365497 1377445
655030 1787244
36916 1197357
165199 364823
1153199 497737
576450 687987
1983574 1596363
390737 506960
379449 1998617
221619 1840733
1234718 1264594
1263111 1712243
76138 566751
81475 726165
755406 250347
1930336 638328
145218 1102791
425571 699560
300148 1108196
1064383 1970773
1605933 158259
658759 106932
1754622 1566923
613892 651497
1565539 835512
492229 1317682
100105 1755340
1029924 176243
322090 1628825
1419834 1594922
396598 1867595
233249 541816
970386 1176246
1241376 1787960
284441 823185
1758732 407799
981444 934917
514731 1253491
501839 1128624
422413 584803
481561 914642
419911 1099092
1187407 1967261
1792762 26922
1596086 1212595
1621844 510109
1080190 372518
1051925 50575
1548764 810726
1838535 350630
151336 114691
758430 1132780
1049608 1790587
903697 68872
919210 1326110
653676 1918197
758178 1073587
1017289 463010
1040847 810050
489933 1154358
22644 111776
1664467 1102834
1001721 716391
1670835 550484
44543 26794
1418541 195879
141486 176970
1846086 1708520
484982 1267208
1777393 1921619
1110743 431068
1839815 386346
22080 857103
849357 1062927
1667153 1339290
217285 207223
1968492 399177
1310057 970212
1632995 1498318
38122 1677538
1525112 1456663
390842 184023
151058 754353
1892544 636040
538986 187361
1075084 1649730
618429 914899
36075 1157935
1772002 1402858
738287 1956581
742147 955572
163803 1228065
1872176 1991286
198276 1505170
1489603 753824
1182707 1014715
727912 90974
1198738 1396396
1362754 1608707
32436 1901740
1796068 1107520
1551469 931922
539844 104970
89856 311846
1507828 828144
785852 767401
301141 949655
1995466 173316
940940 711167
1678486 430543
1464992 1378618
1962684 192903
1469593 1161421
1589300 832346
770128 139161
734085 566195
1764107 802980
1498118 821377
1425376 105399
1133223 1450629
933543 436500
218029 1234685
1386155 213494
1925427 844520
1442088 1603913
1275063 907079
982530 1237746
1617408 969548
916593 1724133
319319 1686721
380719 1570831
770341 662252
373810 785884
1483629 316611
891284 616851
1767240 1824827
1053351 1985270
1576937 956931
716189 1502364
1801451 158276
1623702 1593940
1582781 606231
1349111 1717615
93205 265703
1441747 412524
469849 339892
1983355 1240191
1002144 874590
543500 485772
1191201 1434784
1620049 958441
1777037 1190825
1461136 1871399
147755 177324
1373762 466631
853027 1514889
60570 435807
638546 1927108
670847 731751
192810 630020
1144275 1180086
969912 1645056
937702 1972056
1037071 1481202
457827 228272
1433412 595301
1704139 1210448
1786126 1165274
1599272 451306
1342598 1490460
917937 713050
1005348 1495934
1666284 1643894
1423041 337130
375644 133276
967150 37345
1830788 1937062
199826 768489
426542 1236897
249691 1401795
1465169 200528
1997096 1686733
1928402 1783221
852006 1527673
234526 712030
1018132 1669890
1425080 23480
1683249 1608789
184799 1623715
1945920 560444
1756991 1430495
1115215 105204
1884983 1315041
873693 311524
1069363 1640810
1713320 1051958
1841338 1710415
738690 1769739
11061 1590697
1814838 763013
820152 832969
432902 762657
1373875 633576
371446 1558675
257290 834791
636544 531707
265285 1751759
636911 667693
1584225 1510604
979218 653587
1668840 1209963
1705545 1510177
1437803 444235
1797342 1448864
552357 1612179
729303 1889935
445147 1679631
652591 336448
313207 1541463
1895123 570497
376253 531666
1619630 1158965
283424 256540
1826658 385074
284570 1323301
1038661 1953410
533263 744206
1981012 488492
1705867 1778353
454781 775649
1907957 1184084
665583 870530
863715 1318174
1206978 1176922
859637 1619526
264844 1753316
151191 1884475
912280 952041
658440 1256364
1337115 1460436
1097090 375775
1413845 1630354
1637407 1912283
636271 1860699
208060 1091052
636347 116017
275136 1301930
1503973 1138851
620104 710950
833198 1997167
330475 1098042
267907 999092
1499942 1180188
1951133 158382
953977 1805673
1618818 51066
698873 1550089
198845 853706
1979797 835116
714404 187856
443594 1350752
821299 718730
652681 325271
375006 1790211
1553647 1725630
1787377 401547
823671 55284
1400639 841039
1752898 1869197
1516847 1224300
192294 1135664
1275366 891168
1203178 1991638
1744874 1700400
1344179 459277
1888257 1787773
1810029 1226981
506502 980136
69678 1398934
770346 1623325
1124563 1075149
542298 465660
1647859 1942937
1306699 1918182
329559 823545
1142481 521853
476634 935272
1930447 197238
926909 1675320
1897638 271088
652023 303319
58860 979477
47726 1082789
1959613 117404
999148 729959
258154 123711
1805108 800452
1106797 1970392
1260815 413495
1888573 107799
1754466 1031053
629652 231099
483750 1077525
428337 1410660
752844 843401
199173 1922293
1146720 258033
901770 1194446
1858248 861382
1829276 857396
108766 87430
1498533 431299
1405308 605329
401690 1183548
1536250 290262
1291347 1290715
1838741 438425
1521814 322491
1515950 467577
250576 786219
1310978 449749
708512 975123
1225208 127707
169569 1083456
989089 516270
458277 1097856
603700 1956810
46580 9008
1079564 448271
1709982 615813
1255959 1001329
1906528 1094700
1439754 1945767
1934617 1473129
413343 185192
259347 241746
634941 1485285
1734296 1860149
1612992 421290
1461030 602081
937560 436732
217362 1541261
393541 781368
67694 1990531
1229639 1777676
606343 485598
1296430 1030296
97723 1253609
976063 549765
726737 1906832
734957 986085
148578 1887324
988795 1882874
264897 601787
304163 1725928
1721294 1759149
162659 1938656
1300409 1073627
1237449 1885529
1581583 467088
180630 187926
1470112 1477060
1218222 85260
730669 711710
635025 1974832
618542 1887408
960916 1284546
1774731 1949712
1684845 39627
1068924 506433
282980 790217
265581 963066
1246298 1565991
554118 483746
1968945 135700
1468260 149574
323626 938371
144060 59274
1541057 1392155
770984 176081
1366986 1906952
63488 845328
1191497 355644
1312465 876341
395272 381388
1382774 1195678
1171605 1648356
158743 935328
1731772 712861
1419074 1700716
1365988 887334
367716 1689614
343130 1029202
266313 1884188
421356 1554724
60268 305767
1461675 641183
1151095 653172
996827 980985
1529513 1909525
1362373 912287
1622629 1051403
1078068 1781372
1986731 809839
1011659 1923231
1027980 377646
810564 1913122
584685 1153694
942323 1368425
1555307 1881105
923148 133001
186872 384822
774184 1855393
1037994 288436
836378 1084933
715387 716176
514645 338015
1767580 1592713
636812 271735
402551 1648471
194965 1947957
543542 1522955
1861079 1645654
1194075 1320827
1014078 749381
1201932 1937226
882382 1906230
322047 173991
279047 1877468
462428 1115425
962400 1177815
349027 1477045
1515830 634032
1587183 152641
905767 507159
318538 1618159
455115 1379506
1658539 316193
1025159 852613
154446 39236
1601995 1356378
1976462 1001802
1262607 815935
1175794 1541654
693402 1638222
1174505 173227
1333462 40957
167697 1366717
674989 1754880
36783 98181
262038 872747
233765 1234579
252253 1892305
68198 1277412
744917 222644
1316649 864337
96447 1810536
1866140 1876480
626470 1041933
1935559 1837298
1197580 1110063
10524 1048467
1151020 695647
415183 343434
967952 969392
441616 1747416
1842140 675381
981995 94392
1085111 1050193
1371804 1830029
1790263 1205878
1211791 1886710
1016414 1077930
1763189 160309
637288 1698747
1997608 352293
1326236 525557
1400760 994681
1738631 333368
1338116 706582
1302761 297157
453998 1144900
1489964 1435993
1239292 575075
1003611 1128521
922529 1311299
851825 134319
1198008 385664
1729676 1478622
545973 884389
1177368 1061006
1754109 1021029
103989 1672294
15710 1842620
5662 1871252
549201 1308423
685834 1003199
970748 175797
956617 727465
1268298 477653
373411 190826
1788952 1225236
842572 986959
1610900 572247
983006 674299
1974062 677800
1735305 1728170
1698829 1839294
1400464 231964
199338 1406126
620641 748540
1231974 1306475
269164 720147
1999699 1225782
1965038 1785422
1703435 338448
493674 9812
81110 1336246
1514197 1692010
425918 497203
883734 399979
1175003 619039
645575 1391257
975758 46038
1623222 1175097
1969590 761288
441062 1718989
585189 710226
956561 1102313
453433 921598
887734 674294
1260046 1381408
684106 1341156
717653 715728
1550592 1143571
1212931 434325
60976 905359
1570790 706551
296616 1063974
1270015 437263
756496 1239604
1198551 1197558
1476018 1783740
425209 432578
886052 1396069
1354176 291212
70362 1131647
1672620 1271894
990229 907699
1987622 540820
51269 1717979
1492571 629671
623337 1580787
1336222 919953
644760 606236
1874642 1401256
363265 1073193
1116239 1839283
1374358 1541448
271860 777836
937516 143461
1069048 1525304
1275109 1259093
1314623 265337
166791 1819671
1323583 735487
1537649 1333579
1365158 678411
914365 1218806
115790 76550
342467 1990432
1995232 1223159
1063624 1111470
1062441 955408
652918 1851728
1733244 107859
512614 1319717
150589 1787723
578809 1465212
570485 1263027
1284882 411493
1998514 1339956
1745073 1881097
18367 1176863
1617328 651583
1253414 1959796
642014 1766071
1700380 223064
877541 762820
1178472 47884
1131973 1429141
155743 162013
1266283 823758
467161 362517
288970 1037647
1625544 91277
1966566 141482
1948660 229063
22579 484452
1405927 1639907
1136035 1176766
117127 1778049
942836 1817507
1112 337802
1097753 1697010
385686 747151
1643576 1058856
909164 909858
1882614 1376326
1272376 689009
931398 1415345
780287 897963
1556828 1246372
1127027 1579407
1730824 1050379
1736739 1384284
227144 371292
1679758 1687406
188798 1680871
25208 1803977
1895306 928320
551128 1538882
1987176 1977718
448739 1869790
1354043 238540
558798 285440
1653886 1856511
1700830 1210713
1102882 827856
1307545 1351131
1878235 1044283
735414 622804
1415575 415172
827635 121799
613468 1370269
1925776 1026199
298589 994329
565080 285764
972047 1531246
672979 326089
1769786 1231778
1128956 1423671
1605714 829785
634383 708596
175066 459353
577152 570726
1503637 1829993
1710956 1436637
762590 538590
75861 1376058
426285 519063
402256 724874
1513392 1484763
1010638 1002864
1016008 1683618
1846380 785793
1432821 1492761
726890 1038534
839971 1878699
264555 1015037
338052 841708
103188 359114
671700 1814144
313176 1951716
870159 389038
1327773 1296444
1425527 247454
538743 1456344
249642 1549382
459208 1265650
1750425 305587
568869 1183245
1798348 1813185
739204 638318
1691883 1003760
170780 29934
362893 273968
906474 1552019
605537 1219651
1503734 1993122
126114 1348932
1806992 1551641
113811 863160
1007984 363454
929967 1467192
146529 680391
290204 1232824
381061 605977
1046008 1637692
1761721 737891
641451 1932501
1285251 1521770
723894 191725
1073788 1846857
1411376 1094947
357404 1537490
443878 681821
1089130 557689
1544981 614539
1438569 474948
81731 1585099
1155339 889361
1335348 53826
1495339 381356
1691518 1257059
1119247 850394
1706986 404497
372163 948305
1113648 1963377
795162 525023
1058323 1669992
579938 19626
351812 1669068
1094741 1896793
801033 1050736
371740 882764
635834 44505
289550 488607
615757 1784889
869963 307274
1559374 506635
1675094 1266359
1428559 564682
214663 542206
528058 1527251
1067230 103806
1197242 164593
640858 1549054
351087 1735599
1963273 1152120
786334 852438
34883 1939594
896943 324433
428201 30125
626748 1815590
854825 186121
322225 529918
1969906 1750784
1094600 184568
292989 140083
229245 1877645
243889 1426487
42238 884747
1492967 393325
1137772 1456239
1545445 441531
308676 97753
898551 1723046
939612 1326752
1753171 83785
1659767 607996
269906 1981992
1655340 757237
250200 749940
1459232 543190
890023 1688477
938260 1651339
1632389 980498
536085 1125355
1891249 191282
581593 1954119
632814 1407696
51871 1531365
1130741 1508910
1375542 883911
1592695 1035308
9332 380027
1534726 1664673
1137264 1784926
932038 596495
845541 1822061
802397 1783802
1473399 434786
1281725 526910
1560141 1690400
718192 659160
1644518 1868432
66855 213815
1399796 1197596
1722725 1292763
598932 1832845
845497 608265
212871 380222
790363 1867562
165147 1722401
981482 1528115
61886 1783880
1311916 1535286
218665 1111066
579621 1778806
801465 1297813
437965 445983
1166245 1022246
1177224 1083466
219841 1417374
376229 818774
1250218 1221726
1944465 1980516
119373 1252253
1848077 801946
974653 829558
330060 1036539
613437 1641976
1089250 1349528
753042 1668871
1645760 1554507
1484110 601150
517915 650354
1623397 1695139
251245 1843238
1112512 1144900
1179437 880156
884051 1641327
860671 1003424
893579 1226173
1805371 385657
55730 135430
1422197 1186594
294832 1028872
1053547 1565300
697743 699306
1637232 181852
1300457 155147
1349632 1441279
367711 1600877
1284516 1997650
1263203 981379
877805 147253
622705 255901
1150678 33710
1482074 956048
419367 55229
1608904 358989
1759249 1903736
1387862 812796
1986461 603030
29527 1623693
1302308 1847410
1778840 651939
1288688 663976
770241 1090630
661625 33443
72008 56855
180697 1212139
830182 1848801
1763275 312255
1322274 182642
884911 931177
1059057 1161585
1352339 964344
491806 1338799
1567374 521334
962491 869681
886169 1258756
39045 174857
440158 1326713
1782913 1619209
1877582 372346
1676065 575704
1584485 506246
424504 1347760
1335928 1746778
47827 738264
1195381 1106884
1899849 547719
71228 391655
403943 156027
1430415 1366435
1543135 316583
1142616 99605
1008866 1582774
1943744 791778
1201983 1821326
1164124 1395473
914455 1266035
1901719 1338960
1131220 1755072
1603163 1179047
1010761 798543
803356 910610
1863688 1392010
1819691 267631
65463 1250105
151491 1608598
1566688 1294107
1708203 575554
876881 1651947
1884758 596289
1990698 1048882
1991762 905152
832342 410905
761537 1963562
165977 364700
1660034 1176738
1680669 980815
604773 61782
372825 424463
329413 438288
1674568 998330
564311 1758682
292436 789939
851661 1686743
959311 736418
283031 950008
302725 792218
372586 1135067
1203124 1134123
1098628 1886527
16248 1276087
1580690 1696918
256902 185463
1758700 629727
609926 605538
1585441 801920
1603868 667177
560601 413729
1457116 1929688
617898 416427
666105 1418355
1883861 1486257
210573 256446
621323 1413697
1390570 237377
1817649 1406818
1513464 1398338
1621161 1770366
1583801 1897286
917518 711153
502823 1020384
1513073 624116
1687561 591099
1555272 1662103
520786 173169
78529 1704317
108949 1962390
1190573 319522
218836 1811897
250644 126831
566699 68292
1533649 80162
1466631 1154810
367954 1567857
1569521 1802898
279009 72344
1340708 309507
1213886 1028268
900606 769157
690370 1421392
1459752 1286325
1125709 86127
1248715 833707
923075 1984977
645603 1173720
111807 1212302
1759438 162881
1809891 1743494
1835117 695270
1828777 1404638
498167 107785
1476982 1838875
417293 1208293
1384569 1835325
494876 592364
1256717 1954628
396115 899851
40754 1644830
1733558 963830
147231 896587
654975 259038
626314 931838
421919 953630
1192758 257036
1648900 1021534
1661674 664493
1646745 1656081
1020793 581463
1381799 405361
416788 1876675
1515152 190930
1831303 1911267
1608207 389482
73521 1859190
1870738 738178
1273202 1043138
997216 1899517
492402 1936561
853146 1685160
711022 1019472
1224119 890121
1683965 1388289
1063627 704757
1969753 445426
1627545 903966
322100 1660122
1612322 670828
88813 1737954
1577737 679760
1597143 1448474
1417938 870345
1009038 932579
1287287 1501440
869139 657858
1186599 97587
1677330 928143
1505134 1878720
833857 568761
1100903 1321035
1531613 1245873
225000 1853713
905994 354747
1041967 994807
92700 619703
191992 1689844
585602 1609930
1077614 1594640
542508 882326
1096079 1411647
1540184 800103
26659 1734940
245671 1531794
131084 1079529
617980 1231987
400563 149592
477859 1142990
3304 1901279
1497737 1562697
1413511 1590438
699825 1605503
1797707 1285428
1215432 1392746
1397493 1757940
275071 493572
1687013 332680
1811101 231097
585045 56772
1762891 1233556
1653727 380870
465542 54289
530462 1460828
1197279 1051193
1879532 1212442
1131315 1293043
1320305 1831141
1415971 1118011
1116568 1148829
1028182 514060
1424194 1820679
1525058 1111206
670784 1853585
1859730 1255830
427782 1622620
489385 81508
520916 1472353
135797 1568804
1450606 1850503
1137422 1330138
1062944 268737
1140606 900674
99877 1074002
18684 1733871
222830 1564292
765356 1647025
1902396 807840
1275656 573179
661424 1135385
346434 1089206
1275431 1353245
1170714 1796347
1343024 1823937
1882576 793629
191864 1019998
641192 1772234
1806161 1781798
672907 1906038
1373226 1209017
157333 1596056
1290734 922689
1243080 1193129
1730529 1036162
1766309 909378
171546 112742
1998584 1446977
1983414 1686723
1760749 1326437
28085 160750
120065 219949
1180748 1278684
509609 986908
1577907 1182516
1410371 951132
908959 85129
547188 199692
1007818 307693
1392822 1255773
1343855 1676556
165150 1515402
1789298 681160
1479804 290136
367882 1757979
1616573 395967
1918729 254064
1133343 1616902
1532748 1642952
1121235 1110654
1342893 1049031
61786 769277
1134160 1126400
968970 659403
1434093 879217
432601 777948
555772 597752
810775 862495
1796338 290578
1152632 681645
565982 769204
1077613 484710
1023268 728381
619037 1073441
888758 257697
184095 231650
1306728 763307
1518354 958313
1889707 487323
1617717 1323799
1366540 50317
101746 1922312
1165495 912521
784806 1479258
1720526 454863
160903 286507
1224068 1238516
1288644 764761
484322 425106
355628 1373080
682804 539723
122155 506957
1820456 1640509
1465271 1710162
645257 1600413
1551386 11796
168155 1653133
451533 1851077
1083079 1753766
1330334 1321030
208628 1491237
1607538 1950122
1247178 1413607
1232309 1731500
1838713 1587937
1622005 1038942
645085 261586
1545900 465540
419520 1528596
693127 1064778
1646434 244512
1594000 1814589
1897645 45533
1665665 1498150
316724 1513425
819179 525352
1004661 944142
992900 769265
357748 225208
1018190 713887
330570 640195
270254 975655
1419207 1816154
1958621 1838727
1862175 651747
903504 1508608
896259 1014930
1840623 1311330
1577889 23712
1326905 1894613
1537137 146083
937390 1059224
1607652 1930290
1828489 482825
672923 846678
1196712 1003493
4298 1466967
1979148 1423505
1800546 1937768
1262232 180146
1106940 683161
206179 3199
1698091 564227
1831955 1275979
587940 1158859
1170591 642502
1822368 625407
219151 1430019
555696 47639
1912845 1228620
1411744 1626982
749538 1933468
1611374 728686
1356973 1929346
1183879 1136630
626917 808245
337216 833096
811444 35307
1914750 643398
1828712 1020115
319682 1516729
1662617 142049
142135 1881769
89494 1215257
446833 519764
961302 376002
664171 1710841
826896 275545
956952 183868
722316 658256
1837924 1349233
1466501 175139
699754 795370
727872 614503
1956194 1074010
1634618 275875
590738 1814661
935351 1250299
213854 1024845
465555 1178113
1544609 1944284
71541 208779
172549 898437
1001750 1129501
1599731 1724066
305182 1955080
1590724 1771684
647644 807904
567053 1375517
1939833 1040673
966952 91876
1316548 75115
1906537 251898
1325414 637816
1794169 308394
333354 1856203
770103 404895
64982 942652
1820758 1584158
589578 1420488
1825650 894761
1892993 1416373
666444 540637
741702 1750923
433579 681535
791595 1400531
773411 625569
1475646 1197373
1394893 801059
352614 1189062
1626879 685968
1045264 396982
1608290 1627672
1339634 1429047
1211830 1929213
1366961 1037479
1341399 1259953
971277 525268
1800590 1712980
276190 234168
911940 1585212
152124 1685351
728206 1627770
1400149 123098
946254 1752763
1829586 1090559
438730 874850
1487541 564445
1019947 1344600
1993493 749202
1791238 1877879
1786681 1132636
1137831 1275384
1657904 1455847
1505789 451520
1690015 417728
36731 1842140
620504 1282363
1987335 20652
1405461 933589
290840 1235047
541573 1246996
627322 29113
1811442 1647269
1891139 322359
396471 1682377
200237 700577
815012 1338068
493386 472916
793914 516600
924436 1001355
934328 1478593
1360920 72257
760955 1348254
92909 683841
799268 901175
1918888 1340841
148171 1063635
1887380 1959613
1228330 1778519
281971 142226
1460895 999634
1360229 275906
337701 371041
1266248 1649042
887641 190683
650396 1821970
186701 11315
1894227 947656
1876995 504562
1631498 676263
1923163 67810
534529 71333
1648872 421909
548371 1394627
200427 1347768
1536853 1661322
347401 1414507
454653 1202529
1785548 1720902
851570 673189
429010 1501966
1012584 615712
30706 906810
80793 1907701
1928798 229716
1101389 369386
814953 1635919
440719 463824
57827 1506517
1858451 775680
854284 1912729
437001 1201686
1327235 1409080
404214 1630209
1129981 1773210
303397 76417
1792601 1315981
692129 1823307
740216 1290348
248432 1186440
1520065 1349822
1555826 335017
1503166 1996545
1316267 78418
1503061 1692143
854098 874771
1604871 1808525
593882 1449531
1217604 1515522
1079739 865011
1288731 1383136
941428 1081331
1216542 150982
1422063 1956759
1441330 187920
1660624 1478820
1537742 1216449
1813837 1558333
1730419 1130103
1636751 1750906
822245 490848
625676 944541
299372 1736984
394072 34402
1252505 1991237
899413 541235
1891799 358266
139991 1108340
509248 79479
1582524 468003
267399 1243147
1946824 322567
977021 278085
1880900 707440
1408189 35076
458345 747859
525924 1601447
209826 1342723
1338430 1121324
1377125 590934
1112560 276537
1649595 1004358
1152229 307011
630124 178902
386490 730073
646905 1171315
490646 1111154
1493882 1467667
1389240 1892208
175106 1314854
1927284 1150877
580138 453207
752323 789964
313355 90752
1911288 1690480
1199112 1541274
484442 848706
1063057 1636671
1673143 210606
1815573 59632
940680 979904
1230948 1431326
91057 1242255
1416418 1997723
1134462 108950
1830002 1579171
1259827 410140
549804 529576
1717530 863159
1137754 146243
553639 336866
1687517 1555507
1702998 750573
1192178 1893567
961180 1007750
1953199 419285
505079 1701572
368036 596137
1461253 1784454
1111285 1113140
410829 941287
692311 1670657
1868853 1759541
717658 103807
622699 1855412
250050 1693764
709703 1937567
1249271 930127
1205566 958874
823693 684171
1966624 1294317
1103456 989129
1513315 1988918
102691 974567
1773371 1213976
605132 184200
672688 1297443
372282 541540
1574409 1607366
645348 197108
1462777 1412824
408297 689906
1867817 1657568
137458 1073382
616441 961151
274978 1100491
772893 1378434
89619 286207
1367351 192310
1778200 1658147
1923712 383332
359772 596400
198200 1249480
1655366 1772610
856845 818139
487143 837048
230963 895440
44379 98779
1070434 181837
1689587 204300
1142988 1964565
1304791 1915881
1860424 1911836
719514 1745200
621571 497713
1403346 1062709
1398471 280544
1659109 1596672
47449 1314474
1886707 904295
132613 373849
258768 881002
1786715 303147
979781 857148
484984 669367
1061449 145397
633931 883665
578703 494354
1312927 1298217
239553 1934498
313356 160324
997206 1711827
958294 1173740
1825924 1005744
1005640 230055
427464 1655679
603904 686232
536680 908045
1506805 1516461
1765193 1991789
703253 826641
137185 1337184
227732 1233314
348963 1540659
531531 1105942
1992582 844887
1783692 1507214
1074139 741986
680953 1417489
265155 1686593
1647544 692619
1859697 768874
1896277 396376
1676919 1403081
1912837 1959537
1912295 1133515
1303604 566905
470698 1531336
1800219 1337087
1071994 849175
960454 1582001
1694062 744146
1089214 1285627
3557 287593
1220541 268712
491611 868084
1478757 351308
154383 1892459
747684 1831302
1295539 1177947
1790839 1725259
311461 1094442
292163 1299586
1143203 609807
636672 732622
1458983 1597127
314622 1670470
858698 1921263
956096 862255
208855 176636
1648393 700466
1562147 1127149
1051774 1716530
1019607 316884
65257 832571
1494831 1856096
557829 323717
1467963 1367418
1623303 611165
1977225 777401
1343787 1436207
891953 175834
1106677 268076
97096 580198
1130331 305951
1274261 1296149
1523844 836407
940723 1093043
1070362 477755
1409927 1135619
1827752 1422183
991714 385580
1745901 977102
270423 1886629
1588267 765073
1181455 1449479
718706 73407
1625314 1825383
341483 1722410
923006 1989240
545787 197266
1285388 69630
1551099 743536
1162673 621461
1221291 1090026
1757080 1049042
512208 1266220
1952048 775534
243321 739896
662163 349014
1504970 1843618
1798493 223675
434451 1941232
566483 1293360
181067 6914
1282600 726854
204181 1085413
1313910 272705
346375 476582
1411592 1567666
84033 1168672
1134134 596242
952317 1086181
1371776 1195638
1826078 551364
62077 1848473
912408 1860571
72147 1864285
319227 1156056
1157644 500294
1162970 957669
1744574 1884577
560508 1575909
157282 906883
52491 1568874
474548 653950
1254971 1608682
1250192 207287
1212289 1139394
1920352 1555792
208183 1982429
1404264 1120591
360424 1993837
984875 679652
1149892 659945
1697372 312861
1617614 1959372
197438 178121
1535280 872146
1085004 105196
958445 76978
759147 730842
203085 526764
1455555 1415374
1666158 1375906
1488591 1874342
1358335 892854
1512358 236184
886690 1014659
1433262 36581
1674604 1130634
866869 1292217
1607431 1581733
1987765 1142710
971304 1590194
1765333 447174
1667172 524479
1178016 387683
1051243 633571
320482 1234827
526902 1809074
1109168 402662
701927 1138951
638847 106043
153609 72108
660050 1828213
1720168 1526919
1637856 1327598
1626077 1625620
987734 597380
1215813 753066
1561981 1400411
1794971 739996
1788094 846213
1890993 108575
598465 417895
1917649 225058
1337983 1137002
1364010 1976830
1760471 1517619
566364 420520
1863258 286531
464865 1501113
131555 90941
1644158 1636715
1205748 859970
389780 1285154
777806 184750
25149 565899
1548389 433568
1191901 146854
1368889 1626975
371912 706871
763976 253347
1201127 524446
1770967 1767491
1462393 151649
571447 1927258
1652762 1220428
535624 1296919
857142 258797
674314 1764348
1543951 1969547
1949098 86526
1052871 14912
520094 244771
679192 406408
1871747 1568530
1113279 1153148
1821878 831831
1677595 110269
1116747 1657413
261918 1688195
1584670 432105
1426048 120293
246449 283190
896517 1438189
47537 440467
1407735 514061
1044419 460606
1046399 81938
705377 1725591
488346 1094549
1294120 119051
247697 1633423
950882 442717
1743692 67629
100129 523035
273249 202224
955140 216722
839943 1201589
499912 1736460
639778 1064876
694353 564938
96362 1738772
1025544 1142761
1820711 248347
1385777 309056
1342896 1197322
428107 108018
830745 1896416
550735 1091862
1964045 1168290
1614898 754719
1370514 1087463
971441 210457
806478 1988780
1946917 1446256
1571081 641269
11193 1667443
897467 1554164
1327629 718177
1802511 1230831
1544659 1662832
428152 1972767
1770851 1776323
386607 321585
868185 350651
7301 1000508
1622796 1377815
87970 594236
1588272 1411874
1100441 52614
858129 671521
1211309 1386749
856389 108775
1458338 184017
1344378 1260848
1414848 889037
923679 360426
1379229 1211955
136748 1765836
50966 1522359
633912 58267
522866 256707
1436082 1128263
1368369 1541780
540136 468810
111819 1915692
1140331 1840554
1819866 1996721
1949330 1278203
698163 1811133
1056476 113011
700169 497580
473437 79397
1709536 1127611
1845233 1760502
649970 479144
336194 1690262
1253277 289701
1335950 621646
1831481 393512
1090456 460725
309203 230786
301279 646494
744932 768034
1924697 1443096
579166 981172
73532 1279336
1478752 1064395
1876159 1705713
192005 238817
1466214 1359401
1235387 1802408
1049663 488664
92109 903038
1110310 441015
1296550 718191
901741 123178
948977 1720446
769672 211335
488479 1211794
1654431 1585071
710391 245388
864406 189143
1309783 1257991
412281 19213
1496808 1878496
1378615 732194
198328 945703
1220858 807863
1848741 848593
1248879 1145291
1566784 668045
1268469 1033187
905916 555567
1244522 1394395
1767361 1416378
979465 995178
1661766 361297
1701747 1488974
136713 114027
1508187 1633521
1992523 886801
883140 708277
1832504 621424
1516140 1681245
1470017 1282444
1343961 1036801
467914 1129855
587413 1373830
202847 1831935
1285650 487634
1765738 782541
1482812 1944929
1661264 1184558
1433902 1797977
1298585 942088
1431497 1808534
1828890 832062
516810 178818
1453486 550375
377488 923503
350245 1721449
477729 818159
1368730 1065142
191989 1571577
1414502 1995065
59210 1180239
777605 1542022
1125167 438868
726579 559068
236844 542590
18581 185766
351123 1847471
1017829 1385359
543715 471314
1935734 921203
1912243 285978
1160078 389971
1621564 528807
1972539 1813553
100383 1387040
1808617 677020
1084704 1103648
219041 727296
1542516 1463047
1286364 296786
5636 1822372
482552 356759
187267 17806
1742118 730982
489121 195276
1652186 401363
998681 1329689
1308761 620244
1858496 1281299
951222 476304
668339 1277264
1153324 270468
380911 1372366
997765 440853
835412 801554
737639 841048
623925 1737617
1715233 811193
1755424 1974776
1542175 761970
170051 1711786
1680759 1686158
1041474 989519
823827 1417395
788244 292474
1893700 1456583
1569739 1047023
1727051 468075
936814 1242241
908928 289651
43795 163992
1648125 667720
1901610 1880783
1478913 174458
1855558 1538514
936428 543035
1250299 1134612
746618 291773
641557 1570446
226593 1429801
1862920 120292
886383 1950084
1684742 1130859
418159 1138981
373100 1327087
1946059 934321
8505 111608
1602041 1910115
1992392 1598380
601998 1847949
1136893 1538426
908409 387191
1190463 1655028
1196390 1832020
1742899 1422984
1261820 1605818
60701 665628
1555902 1745443
1796488 491486
1401850 687013
1818573 1347908
1621334 344503
1459516 1740800
254617 1969333
1339179 856615
1817282 476071
912466 1243116
1380689 102929
898143 577078
1934949 641041
517487 1714195
764285 578189
379822 837612
841057 693735
1329098 242906
1898174 1665096
108239 36932
9599 85181
1777733 781642
54513 1116911
1638258 389220
1592983 1068149
149762 973671
1688504 1047905
68174 140878
206372 585662
1855073 1488083
1681277 234894
325694 1039759
1446056 1654792
1800092 1344229
1837313 1908331
1381162 1846912
510937 1158894
628554 1082877
793230 784237
1472097 903638
369811 1621859
394734 58315
1187190 462909
199193 1910988
1565997 571691
1399070 1764699
1324011 242189
804457 770066
414406 604548
631721 251718
1030305 12882
98630 1541242
1689202 1244610
624118 482431
28846 613641
1386070 398657
752925 1780804
974398 457540
761138 1691017
368527 844560
262707 285022
609258 104144
527211 1413716
1391636 941617
535689 23356
1193336 1565994
553664 1809392
1624662 242865
1054001 248779
1242723 1082847
1379846 1146218
1998930 132771
1444447 973328
590311 205585
1181770 1476265
1567571 1444478
1761287 176829
66047 805924
107970 1457683
1747541 643659
1998466 1458302
209653 552129
1267693 1834315
1312421 321693
600519 1072569
1921966 497791
218786 438321
1147988 1663233
1411649 255724
386243 593418
1731989 1953815
555321 10701
648069 1138794
816625 756039
596477 564165
1399698 594942
22467 126776
1664497 1807586
478516 1494343
129279 1079036
566911 568670
1576827 785697
1006991 1242240
966356 936065
1497964 1870025
46909 1229953
341264 1119656
1240654 989333
258450 57278
262797 854927
1138869 179921
1967295 1678762
306697 149216
1486348 785214
1643560 133052
381675 210470
701722 475927
1513594 226139
1718167 997375
1162204 1216130
867399 1726539
963508 1726090
846195 204161
1232848 1104645
778865 1495646
476997 435160
1675567 961717
113921 499689
1110933 1600269
1284903 1271918
1733321 1666578
1482389 952469
142504 1513408
1178608 378096
510782 858237
1594227 1378181
584776 557734
1621696 1948397
1279322 854544
1053041 58186
350189 1530038
1010772 543181
1009180 1124694
1042870 120112
1242388 845199
1909457 1493135
511776 1391845
445603 1171707
905252 141636
1549803 1933460
1517299 1661455
1311640 619500
219189 933336
567896 1498511
305305 1620937
74122 655494
1668400 1084895
1716101 1195005
727014 758970
1832544 1969402
121594 1742000
1462536 1150797
1651270 425564
839929 556521
1084626 389731
1007406 601925
568612 836471
1221425 787801
1769807 306747
803737 592537
445109 1395285
1248031 630935
997605 1481557
1825940 1724619
757953 1658483
211446 879547
1400482 1673982
30343 1051751
616972 870272
125697 1701598
1777430 1133103
303522 346041
1969575 42373
1651268 256806
349120 972430
849344 1311655
885140 614800
1942590 400171
613783 1768530
642215 1371736
1944438 853661
768708 1344920
1045069 799052
914096 1662041
186749 1557220
1363638 481604
690322 184586
1345071 1177322
744385 1513764
1951555 1610931
1003619 1318324
922585 1888760
1933124 865175
288930 1064332
1151130 931145
436067 1095567
302232 1204776
957912 1347301
521253 1872009
1526767 1225428
1429228 890404
224458 636975
1592416 1569529
1814298 336800
1600719 283277
1947731 604337
1601601 870316
493096 52149
252916 1299452
1116482 1404046
230597 69974
499612 1050255
1274750 1457525
397555 313428
1846959 1924322
56282 1276186
1332151 280740
1913161 1441993
1850269 244883
1778793 1450987
528160 1726524
572750 647186
1114265 1065846
699336 1367181
365298 1815818
771226 1113321
1885792 1270838
681001 1677968
1245788 1078556
508821 1092746
1520303 565103
886357 1369879
845843 1316944
811871 1213538
1561827 1108090
1181950 607413
834613 1754700
1254599 1948878
820546 471360
1316058 1703270
287177 604709
1334016 690395
392972 15016
368362 1638761
1610998 877183
1248932 1648726
1959713 135289
1018604 805555
1452233 347901
19092 1531485
1455991 1201043
138897 808029
955742 1910923
1274332 293713
382282 590389
514408 1186886
1712524 1848424
1877281 105495
1863440 763068
1744256 1991863
157676 993188
1640588 117388
1128477 1176618
1440370 1098135
1524519 1459462
629619 1497935
1177930 768517
305963 651098
1196865 1580295
944811 96572
688109 1976646
1283458 400632
1825069 1678164
1023553 205934
958657 767809
197796 1633760
278422 355810
1751148 1924325
1532428 1191517
1022459 1574372
1168405 1652078
1072306 863760
938020 1895695
1514858 652310
1993415 977095
748883 681523
953740 549766
1599581 778808
227930 623133
1502168 1704013
1908368 1699965
1337772 704215
573200 1606346
1145965 105627
797862 168423
1679999 483692
337927 1269730
1347453 1793373
1165424 862310
445683 1158838
1839405 1711992
357786 1310570
261757 474792
89378 1007113
1615351 1591546
711126 1523719
1808936 48897
745359 382135
1655243 1891325
1005188 970531
577173 1202612
1454223 1432526
472341 1319101
1743325 1637765
698837 189007
1314028 538241
1900999 189239
1848812 680181
664031 455615
1687295 279382
564586 398420
320526 890948
964743 1583311
1790509 1137412
1474635 1313123
107942 569234
515734 79590
519185 988076
1398692 262509
1143266 97528
968942 457294
1153195 1387366
1163959 1519432
67547 1827991
492472 272267
624798 1574485
670687 945324
465432 152855
528634 773366
1290267 520695
86488 1398209
1607355 602223
1995226 126539
107724 1393917
906475 1250990
8870 1875417
225709 1679491
1262783 1389669
1716349 1847756
1735085 208820
120022 359882
1783305 1308135
1305206 766162
1460990 351265
56954 751257
871960 143442
666891 996740
1263091 662116
1640706 1370815
573458 547180
621805 582328
422596 847514
779245 202804
754608 495593
50559 489692
704413 688007
849574 1005144
1996142 672205
1771306 1457132
1023471 1828260
208388 412856
489128 1392705
1409597 1752219
54821 1050302
1123034 628279
114907 262264
1728034 537503
1627204 507278
1257734 381812
1002871 1825719
1388930 224709
513726 238504
1229853 509867
1428135 1518585
1966999 451605
1864270 692812
1381888 870823
85517 1308910
623042 657764
876637 263501
1803469 991544
1043191 1531502
46472 670394
556205 1304206
1569632 1559076
1129925 958562
301211 1643651
1714492 1531064
670943 1142626
1567074 637942
111657 1948770
1848180 1493545
819592 451122
802454 1960060
1108886 1679091
740986 1429781
1188060 1784177
961282 1234532
454571 1517488
538738 24202
1593989 186088
982764 1895200
347164 1214681
1943690 1018107
357307 28188
173474 468964
1976958 21654
479934 796550
990202 1282388
1274035 616514
1478904 15021
46294 666963
1799198 1007576
418920 253768
1042489 1475084
795397 636478
1661172 295586
1049103 8335
1510268 992792
1543869 385000
1020981 1717343
1371390 1515364
256422 1851324
829339 1246625
1133711 103374
380564 1130040
118395 426858
314428 435018
1951860 733348
1206213 994349
208432 1609
148252 1869604
814621 1197355
395365 324888
707573 1939234
1227314 245979
174001 598703
1761343 430424
450026 590682
1677049 101162
1211482 575038
1231202 1847303
1001896 63055
282320 953755
796404 1488533
465529 1004836
7567 1131207
1391865 822189
845988 304655
1664503 1553561
761314 891817
1799540 935316
1490520 78307
1365740 457972
668989 1560214
559134 397896
135251 307762
245198 1654573
370817 527519
1125753 1167221
533477 1591283
689482 1058471
1239915 598773
398085 85902
903428 580013
1639463 1664743
1471830 1956428
1117484 1479776
552161 483223
455173 1221150
560862 1014307
136472 1213539
1839495 381670
868111 210312
1426615 1993864
1894959 477518
102571 584441
1535989 1342487
1183214 451499
1428389 604067
1031512 1585278
786235 1020768
59130 1903719
1017969 611291
386941 1473142
349867 1465229
1004874 486339
678767 844369
1385435 1546878
1572107 812050
58167 1467065
1289568 160738
568931 1342982
20650 269570
1794481 1966466
873638 825992
69168 1659873
1846760 645724
81017 864728
1257016 467958
855295 124308
450613 1860170
1128073 1129380
1221964 513507
1193684 794070
1842983 1769277
778560 1132550
447440 1347492
992957 468091
1617062 787437
951982 1008125
1613430 1021150
1185424 1977615
1666874 1266441
1359769 1441315
251824 215063
83048 702437
75232 1211121
349243 1814622
242054 60352
608691 602462
1829629 1387252
1735013 794494
1252169 1245395
1780011 869230
32832 731992
394781 163687
1753142 1580205
141301 1420016
846645 1501070
1378756 1615895
233559 1461805
318332 826217
672925 1185001
640839 1432405
1245353 1249530
34867 1592407
1154207 287305
904326 406375
1532700 684337
1793032 82957
1416329 187812
246644 1169471
1768017 905372
1106912 1132087
406441 1003093
747981 1157426
464897 1583739
1983644 1655249
1286165 624482
1087653 1048943
1874012 1639946
1158775 1545645
1927251 63101
1952020 1977377
747438 1745051
60333 681192
1932863 824404
1850663 218304
1729776 1475000
1867817 653642
478093 1133224
1811069 1460416
716962 1794712
1115664 520553
419193 720743
1569496 810630
360688 728271
873700 805365
791372 825720
782741 56235
1088196 1360500
737427 1021059
184903 1105516
1756789 432104
1097941 1624606
1603173 1576034
1275255 1414241
1036450 509642
1726378 669539
1030195 662996
1390282 599691
1991052 1750971
1327962 864752
556335 636759
1690472 1856502
692994 778667
1734427 1430421
317151 436756
1053362 591366
868860 151303
733397 472032
1727337 8651
403698 1281212
518293 130075
1950752 1548489
793071 1858459
148179 784123
1609429 1993567
1648875 683189
630325 1856772
539690 1323319
1152864 274117
1271165 1470016
710873 841953
61381 97158
993256 794778
569191 1238018
1320855 972889
519230 1839148
1620391 987407
1387636 413461
845865 53240
1715010 972720
46806 1881310
1655909 1194557
1738081 713025
517875 890945
987142 306466
878386 215440
1148419 1457193
312598 141674
769396 1399215
1897118 90250
889530 933773
1929398 509920
438605 1834460
1440807 1284471
1887700 1155817
774616 451932
1554552 430524
1646489 1810059
1143549 681790
1218429 648116
1505682 96814
1380982 654100
1554007 211006
1313200 840828
1610221 1727743
931078 499750
661516 1377901
1527096 1100121
1212360 967903
902017 1617486
641145 1676633
69417 713122
624583 233331
523180 285557
915121 1741609
1451100 420802
355848 832081
1592328 427280
1043087 1422953
1268108 1170734
1150696 199185
187909 1812212
1577087 1715006
1429758 1306872
1200334 331775
924357 358904
8407 1511200
1072026 1150416
1744532 1595207
1435974 659652
1854241 887073
1597881 210089
1719154 1190208
637369 1279667
1130587 1905478
450400 798708
622088 1155735
1128345 199174
1388166 558102
23472 588499
889877 947829
1464829 1415711
459029 536855
566126 203560
649487 519525
1380638 503727
1406598 1495944
713816 1125752
686152 1868612
922844 334164
1774089 1890670
1132872 396176
1046404 261216
1112777 434570
1336744 1136249
1540495 744047
601503 1005324
159757 1577958
59604 1243309
298943 709091
1762835 1679582
1212818 1169432
1175525 444060
812609 379102
312671 252878
1230692 604185
143547 363563
1517787 1707378
1142205 1147989
659373 996375
284237 199867
1740422 1403167
1722617 417604
981124 1782221
178338 1280068
1008737 1941173
959649 738981
1628031 652599
1183041 958065
1549128 13137
1210944 779819
1134748 1871917
1660809 652534
1579294 1320439
1800524 238666
316813 602186
955960 574660
5352 1196002
992264 986477
978223 1170603
783970 504385
1629201 1743619
1243366 1774657
913643 943832
732722 980196
956969 461091
1760016 91716
850433 1938250
1261677 947153
1258688 1062200
1185819 92927
181811 659204
667587 187164
1855207 177277
1691067 1350855
1347880 475036
1855240 1494506
736080 1098606
1269163 167148
42437 519310
1147345 1516833
1497827 907360
125974 348259
845609 1387651
1295412 621722
967276 998657
1232075 1149088
1657861 1899663
1853678 30492
76939 1544744
1381347 1942245
537205 1236587
1436750 1273285
852618 1223338
1440433 895055
1742648 587777
929313 1240474
12562 1055288
106159 1375597
442938 1401571
514745 1927641
917653 1746820
1076728 575514
163907 1447831
1123432 758272
992574 504779
700516 47204
258791 654692
1320489 1111409
395455 1278347
6463 138103
383550 1453203
1896003 913538
508490 2161
289135 1468854
1921159 1321306
1396494 838811
1068125 990647
1931751 1232033
438477 1055183
1990305 1948477
77387 1208247
1995681 336178
380364 1833595
1447587 775819
1111942 1971476
1431348 12917
1424678 1844777
926455 1933168
364363 1733016
1919448 285521
1054321 1833367
1641759 122446
824014 90934
1871905 1779917
1146117 379634
1728394 1740930
105306 241499
77107 485670
75094 42119
1778916 1704462
13595 1727689
1717379 1955699
1572465 1161259
406292 1936829
894275 325739
739775 1948596
159105 898959
588467 1500545
989894 460371
1280462 653436
840006 1526281
394366 945312
1767780 988899
1948409 360299
1031019 244749
64760 1044614
1972438 299564
1517738 62328
1978250 1924030
516582 872524
249768 1773783
821119 926300
672742 1409587
426844 1662636
387383 224731
833497 1744815
1751012 1227863
690127 36217
216762 1155961
396516 1765207
1400710 978703
1327246 1890573
1795693 844983
1952901 1773942
769013 469482
1163891 1536207
243265 1985011
462506 916007
1912023 889351
1096068 816831
1114082 1929565
561646 1382520
1674854 1769199
1418737 409041
925159 332678
174247 843294
1828807 18918
733866 141925
863901 686767
1915867 150339
1673675 1079758
1686547 1916940
1582194 149052
1350372 11641
1555829 963865
1345898 1187337
1410856 1907544
569856 1603135
1676742 506018
12175 1119326
1356122 703848
1962620 1184929
722766 1213912
1326854 104092
1900679 1760146
254432 91778
1357329 458404
526144 1456948
1124882 393941
1986015 680711
1357807 1331913
385473 1286088
1239456 955329
889222 1433624
1978773 901397
1070375 1334894
122670 1032995
519822 1362862
764332 364101
1466954 1182436
641673 238811
1274214 516427
1214641 1800358
1973376 339523
194299 476815
1537660 69531
1808728 1923133
1355619 1565610
1395887 244840
1516659 1374659
1663663 587033
709552 1786333
137453 1229375
1149194 901785
110901 1133573
84220 752574
1889811 1358435
1786428 1104451
1676218 1759803
1961400 387942
754043 1499059
457473 562771
1939617 1813092
645806 1335503
575357 162464
710161 239019
749497 1419714
25351 886951
1166514 1691971
306161 1277415
1342970 390382
547415 1232780
266242 333842
854656 459885
611070 1333482
847828 1365113
1349966 1305301
445309 1289583
1635819 1091115
625085 211175
1771005 1852673
450195 1037928
1272386 992972
442304 956325
684943 748465
751165 27912
1656273 1298580
1778118 1922515
149847 1150199
382400 1278343
483680 1230228
1160882 351072
1052954 123616
1640655 688772
1732158 783165
899948 1503162
635837 1350143
541089 425648
860540 983393
1381973 1545483
249284 133138
90820 1905557
1949144 386363
345497 616417
1536563 1245323
412185 537668
992976 1573067
888740 45929
214109 1046820
734702 1946267
347411 152075
1966854 983248
19643 1025369
1926323 880183
526187 1308295
425666 775471
1958859 1033912
1198454 1908003
1937702 1543951
1041845 1991690
789273 1454030
529357 1782249
1544523 1935524
345603 1758632
1499769 1080305
222323 1847180
1749806 706602
1347854 1769449
1731971 1274176
649632 258158
1099896 1592724
1551055 1058755
1144061 749508
966757 1081762
293458 526027
1073451 1600157
1980057 120234
1899831 42004
55757 245434
1800636 72951
1843165 540384
1920132 1592971
1246987 1785411
1362419 978957
1059586 529476
1754541 159481
122199 1305596
1218236 1266261
572529 702418
865448 1383414
1228445 1938900
983570 1725928
59133 883401
1767932 632316
1128835 85993
705267 971999
626377 1142824
1082395 390789
928234 444814
1887173 1987820
974290 1641713
664727 1613916
1464734 400388
1397602 554689
1102807 263049
1938103 848677
719374 1439098
574604 778507
322498 859962
1410823 1968759
945955 633516
1458184 89757
293765 540578
480547 1222000
1502818 367719
1727245 477108
526857 909397
608449 509017
1309786 523476
1063706 412592
786525 1001808
1778695 1505900
440905 870725
801832 1280830
1730687 730081
1767014 1194067
1881023 1225197
1801250 174787
283201 799222
1396787 1786019
1684367 1641458
780552 211224
550854 1389001
720241 1860640
429902 301372
790657 1216428
1820606 1086778
1239753 778936
1957503 559010
59765 205614
1289091 344205
1399681 1687539
86827 1718356
1862327 370028
517578 1776539
156047 201944
1417996 936599
930594 486276
843026 168260
346915 1272928
469632 1654999
1006781 290237
741776 763959
1069174 699278
1840396 1646365
1422318 1646912
507995 1339424
1334451 594823
1057779 1196777
964851 1575357
973315 1638324
294727 391311
1092349 1225321
877587 1935375
1393582 1741928
1725728 1863214
1396926 1249935
670877 656127
531319 257476
1872831 371714
421266 1295148
18626 929262
634571 1353077
1524085 1692351
1067279 1006361
1785133 40593
644685 79859
949330 1737034
1305181 344342
189833 698762
603696 432986
1079401 518047
1682921 1750278
1174175 731666
7753 1047005
1620806 429020
859579 1639432
1875708 1494150
1509934 1399792
1703926 1094638
406152 1489059
1135232 1568263
86343 601987
1305296 1391524
946330 1495129
607711 67451
445541 204538
585498 645887
0 0
