7760450 19378120
12480838 13324758
999079 5427280
16184608 7155849
13819715 6195935
9183003 15220308
6416792 4277674
8143819 10423161
15930058 2228731
16509840 14532360
3534567 18418764
19995983 13547010
13543700 10063474
3992654 1748457
10649179 6638632
220653 10926089
18533212 5217950
16767306 12048750
3161689 5468372
19204599 16981404
11664307 904060
4718170 18081099
5181735 5378448
1020718 1111792
7607179 17530559
8160611 11141747
15949322 8156593
17205216 2009480
10736526 13714329
3757938 1385705
352960 3978591
4828253 11402631
1713000 1595558
3451380 4874689
7063930 2655979
1856092 11244696
16076499 6574262
1842254 1258233
11952710 2862972
14886486 19559890
393530 15563556
3218095 8859311
3720149 12939770
10868792 14456675
6654098 7143189
8358839 19523518
11121780 5703551
10926149 12834780
7299109 14377529
17709469 14363039
9549967 12082020
18124195 5626466
18656282 19966449
19401159 3125450
2829420 6804103
15201799 15739411
2367659 10936353
4598721 18604268
3876122 7983972
5577401 3046679
15127161 13936241
2570197 18765400
12156251 6012805
11600179 19455361
390333 1826106
6334858 2456760
6424585 4459052
599685 17597326
4425500 12517303
13239236 19771381
19321407 8441034
15510791 14205525
11893847 12625971
12809792 8286428
609943 18387193
11333108 15737104
4839892 6419764
14502504 16996144
12432569 18619142
16451504 5339361
12961708 15302821
7796121 11902752
19761874 912265
9500078 16703833
13429569 2739313
16475213 5267434
3696806 11986003
19472959 15590653
4611974 12282750
3877081 17738377
3186401 7726648
13475480 8026294
6662871 494442
5022437 19095440
11630044 13990400
16951260 17108211
1809679 17263841
9010962 1571552
18176106 18511040
18275386 4122133
1250352 7267057
9389567 17463619
19253061 8862525
13054271 16381494
13661734 9447811
14119870 16848136
9690918 111808
4874429 16353789
13122711 2413325
7965687 4752754
8920184 4916947
1860964 10729863
2180787 10871926
4817875 356892
1899425 15609720
4479026 15666237
2876776 6385052
13129855 2129836
15247578 18700586
11027789 8909311
8148396 17664118
5757446 10355774
17775927 3148334
6709562 3415096
5561659 7191709
8167850 6998302
12108656 2545273
17728166 14289443
5933658 15062500
7162794 7833083
10672219 4158279
16015780 13548995
10543332 9145634
8195291 5790909
7846219 19223080
7216679 8511075
9403657 5490585
18866849 7179583
8638919 18092870
3111138 6717038
5284578 11278988
13715340 9909693
6340720 3959964
4199135 4790837
19022464 3878389
12623921 9694682
8036668 1156159
15760137 18580000
2818252 3955427
16887368 3180931
15694966 4104047
11692006 5098622
2111091 3075313
4794664 10750010
13684642 7905802
17467048 11485680
11701249 3698847
1395372 18041969
7658811 18110968
2832806 19197735
1989356 7973186
1408875 10026024
9129345 17169012
1122483 4464056
1124438 18009851
7644987 16819405
14630357 19336993
1918026 16741448
14928765 19229151
7917 8613407
7134952 17474965
12615546 18836202
13690271 14010918
9394629 1349082
12121885 4743894
13063276 6627700
12717080 14472151
16653725 14362884
11641163 10292667
18826941 12765601
818976 6471927
2101464 15449334
18325380 16535951
4707240 5770603
15765101 4715157
6900469 2900052
14706582 19516015
14252713 8396852
6043392 3647342
2262393 18165277
8391236 15325669
4792977 13624776
2314279 13963161
504118 13955442
4255827 11847518
6721042 17591263
18319446 1338966
13040596 9161284
17874917 10264296
14931887 13640017
7495912 14348816
9056528 14718953
13864830 3309241
15632265 19908222
19473043 10411117
10589958 380737
18253246 7899394
6521972 567524
14379014 7026091
14522966 11151300
18873609 13760467
8742562 9709513
15099433 14299618
11387256 12974349
4563913 18835603
19130825 4576284
13184418 8187353
19295238 7049247
4013053 14927502
19473929 16002555
5338618 10063886
8899751 16108323
17963280 15421724
16675847 12342293
14964274 11198812
16010052 6354341
4959279 4752613
8580314 12575171
19052231 19967570
18065980 3616143
18803172 17196804
8192428 11987589
17900616 4124
11553296 14430128
7448085 11027224
2949141 5303162
13607569 11848893
1411485 4087307
19787076 18087332
8946059 7267808
9286144 4956110
13622149 6761882
9708723 2202462
19337053 8760954
2170032 9919491
4893556 13489663
7116295 5602443
17993712 17533370
5606567 9547007
11963498 13054652
13090690 14912639
18357815 19214718
19277991 19769300
3302024 11581525
10373090 12248083
18849333 19659234
17204193 4987941
18937575 19429375
7190403 10791087
8190328 1876894
710577 5600344
15366558 343331
11202787 5876728
17876702 9325814
15423735 9840199
2380465 1030883
17269297 13254739
245600 9063747
5540497 16064084
13161731 15913588
8312166 12011064
8089280 18032818
16999005 7026855
9978651 16705867
17817942 10685439
18582762 11044978
16285783 6465778
11388310 7488569
12342506 9265011
16814383 282699
11621669 11711308
13830042 1407424
4966046 6592101
10471171 10506544
2656184 3632902
18936591 10968350
8160425 7025870
1517626 17675889
14052725 11496277
14381755 4387125
2181715 5480975
15432104 10983957
11946753 19336873
18472527 16805718
8601883 7803368
9604876 12740011
12031135 3434917
14147435 9513641
10027018 17135066
12536644 5199661
13284427 11473234
16168011 1444851
18499104 10202096
19120740 12551829
14214833 6018953
9455413 16396548
11499929 4887516
7380505 15963141
16740848 18369491
5285318 5342730
18689318 14890194
18082741 3236912
10841571 4746635
12750553 13385048
1881700 5287196
18584710 15166127
16760430 7269179
9127437 15259533
9987735 764635
327820 4202567
6783588 9783234
13115574 10799976
7187209 13012538
19279577 3928057
3898487 4564894
1787246 2587805
11971547 12386447
18341177 15329577
17133082 11091729
8714625 19014782
8895384 19815794
6697367 5655813
19601432 15824804
13431805 9589166
9105898 6276085
13791733 8405945
8575778 19423767
11722381 8279446
12436304 11001957
4723962 16334792
8083310 6511209
11439056 54856
18897656 9780232
7900893 16030737
871960 9131977
7561977 2283803
8947770 6775803
7939616 8549201
15117066 13887880
10654827 4222963
12680424 16963019
5145367 13772661
16386785 16867748
2052107 8823089
7869704 6776069
5157880 8469473
13287278 9113395
1040789 4701392
18893627 8941682
13248588 12282046
18073659 13327024
14565849 19537888
102826 15021924
603547 15219892
1426262 11258374
11959314 14106687
8221393 17104682
7879347 4608177
13972429 9931454
5947725 14358593
9223983 3622064
15344525 2511260
12735459 16385314
19729113 11629085
5326995 12977700
3911130 15917113
6304724 18476979
15455000 18924010
13498902 16058548
14143902 7441624
7316921 18619675
1548310 8054773
8240815 1944116
5179410 2213244
11875571 11127135
9088296 13616013
14749200 4432820
16127273 1117
818134 8372844
11630203 18661589
1350544 8057792
7095161 171727
19051231 2550160
19095737 5066591
11125167 5756097
12508215 10958548
4375772 6572984
19013321 12616587
8517101 16709190
7346290 12909131
7836325 8951045
6525143 15101984
5900325 15168875
15103101 19234919
3541719 19249763
17896507 4892263
19824015 4991667
17580450 11391704
58287 16676186
16458295 11183454
2432283 1482969
14658461 19324515
8055953 6188241
4457560 16573054
2897430 4320310
9482184 3250214
13271355 16007327
18352198 19171680
11176202 5971758
18406598 14717921
17737980 8819564
12126643 10078453
6327690 9707092
1470156 18902437
18899737 17928452
2602350 13848479
19411421 17260811
13172993 7467373
3449051 10147013
16556887 18862942
14467323 6039070
2113155 255136
14562857 12981813
11943276 18255518
18953571 10349873
5489897 9208009
11685896 10132999
19286463 10530046
19840091 756618
1948941 11256286
11201529 4551291
5104765 3129408
14328562 10794217
3113241 10294072
941229 19670128
9157013 7925011
18225657 11270169
8180148 5304972
4251981 123423
3560489 15722011
2989755 9050386
17446479 7192111
19183385 16732941
10238616 11539934
10006019 12187557
2796220 1207547
9255308 417444
4336956 3583869
11211661 7450197
6394400 4669350
19636784 15551414
12594361 17862440
19338042 13290968
3167412 16106482
5930850 19244361
4344951 8920606
811206 1791429
8629176 19994591
11040830 18867792
4050984 1046848
11055348 19363664
14770855 310655
19781108 11624270
16410984 10992768
11590926 2805384
8178577 3744168
10873257 772938
1606608 2727757
6580365 17290480
11350698 12511216
9051299 15695649
1431821 9862505
10003537 10060997
2373555 13560826
1445247 6424539
7124133 12500595
5788202 14411448
5327710 5569309
6035717 14255153
9078536 10143103
17060537 17257114
13887271 450252
10546511 8010338
15694469 17126876
17817277 7045166
9638091 6868576
15257274 3586371
16731081 5260811
6163827 19104636
11338096 7609074
18045634 18462230
12626129 3833835
12873677 17953839
1919603 11425853
4725450 10998140
1568955 14302447
771712 15456227
14752699 11318223
3466564 10447168
8445098 1283841
17492334 10599649
8152417 5266067
14186020 17399957
3043337 349847
9021052 14381433
475380 7066685
5360121 13101509
3416980 18233798
3571806 5336583
9659651 8297257
8851182 3745065
2599703 9622894
19201292 9868861
941116 15184316
316028 1902674
16468157 10324822
12502323 17137033
15590889 19204802
7053448 18634226
12071108 16074500
13015658 12546489
3141185 18375780
5647997 19074625
9126036 1736263
4411207 11302146
10033520 13262390
15047212 5149682
15401743 6764962
15018543 8859319
1949277 15334572
10761993 10933893
18175853 15780775
587384 13766741
14985576 7640833
4917425 7056684
3715332 10449542
12119632 19372977
1341780 10284088
18447601 10467817
12020351 15375268
14286422 2053870
1154116 1850092
7203552 16555859
8615055 14738555
5415177 3080791
10073126 8693629
14014685 8248978
4474403 14602069
14532178 11976439
14759361 19449603
19033123 18474694
2415603 3669213
10364129 3757384
13953301 1328189
6741660 5973652
16703457 1028081
543981 17857573
2878174 263993
6929890 4009688
15002548 12345068
7090479 17592133
13555156 1105163
18357570 18029560
8223692 12889747
10005998 2983052
4855808 1555579
13974205 19787871
5224792 4338334
3545254 19178093
18182983 10286914
17668204 14886439
3831455 10728645
5260470 6709629
10992638 12190360
3235776 18511645
17051887 10326255
16103777 10607043
3947878 6977805
1153061 12171570
12384011 11159059
7671081 17239819
5231097 14161746
9544148 10455889
18500080 13089403
2150440 9199521
15892776 12335104
4085959 19724231
3063748 1862888
18950319 6572845
14053248 14702554
5084489 3621594
5028809 13704725
6745096 8976687
682529 7898157
13664716 13066540
11573675 1335796
2822817 16804772
15497542 12366965
19777120 6514080
17972827 1927559
15713601 13865603
6779122 12316019
6106292 9842870
14178907 17573071
8932174 748614
12275624 14016663
4370208 9820892
237846 11115304
18797579 920375
11529920 12462294
13986915 3103594
6314550 9326191
19908366 1812091
1693156 19685485
842631 19665983
14129503 16556232
6048044 908625
1388710 4670796
3267954 15567617
14760326 4716588
8832690 7035949
18733251 13202898
16856842 11487557
16834661 8170879
12407932 8364580
633173 18911307
11468174 6947723
8237497 3892998
1276273 2447112
3578482 2118904
14629555 10224445
11191596 13194058
3649529 5096765
17864854 19433943
664381 12625179
4150530 9497072
12177588 2883781
15216429 1550888
14371338 4567549
2238226 19295729
12932129 2871399
18207035 16916763
2335581 18960992
809760 16128315
13924563 4388243
10763678 8554117
14612688 1955273
1748175 10778676
7052038 12129488
10212618 232879
17271127 14363149
2246410 1965173
9763389 9979298
16032521 16651186
14546847 18270747
15946914 7478976
13658606 6670408
16912198 15994187
18147859 17721958
4638960 12072421
2110200 15402639
13142998 9239347
9874371 7407632
18022 9442869
19537120 10230641
2192207 9324705
17110249 4438617
11289878 6873637
6934374 19838858
3524822 1481221
18109605 19471736
1476656 11768210
18658603 18388854
278855 16806461
16110811 4917816
1395341 10737471
320454 14538339
12493277 10194825
1945970 5027759
12154153 13999549
15258400 14346360
15840714 4885107
18784977 19647051
11758744 18235811
19485909 15283566
19717032 17595513
7271760 1193687
9363722 18446823
12099000 9642577
15253283 8209810
7076852 9165083
11463740 7397306
3703421 3957017
10108591 18165851
8984776 2262743
4681859 16759635
16609104 522572
1644741 7910539
169622 5919944
6146349 12171990
1203509 18379840
9767502 991728
12089986 11647683
19438551 4188985
13806720 7208293
4915255 883571
16373376 8895454
797337 76797
12852471 10905928
10759107 14353706
5685130 15440966
11113340 14810693
8479997 5274540
2721232 8649620
11194484 1384040
13338069 4914452
12280340 3105571
5906181 4370325
7269713 5344731
1075770 1076432
12553024 5991025
1960004 8926400
14886479 15273801
1519656 255409
6179728 12278763
14609115 4381317
7719729 18238915
19192011 8716185
3513454 14429702
17365805 7224398
8330201 10703874
12138850 610540
6325904 18045031
4980866 13595617
15906222 6056636
7188509 975704
4564120 1664972
9902104 11967058
16938773 3938219
4738926 15634960
16216983 19348042
16276 16453171
10103415 19208287
5169355 6133328
6154447 15051620
13357726 14484649
18271953 5496576
15095189 17114316
16058066 12592514
3226391 11964287
18649150 10414900
5456451 15729729
12079872 15358555
213246 9018644
11813234 4952172
17170063 546675
16816673 17186340
9516305 6920087
8911085 7202119
13053416 15065533
2253738 6411141
2066640 13042150
4424176 17161829
10156465 12998702
2270802 13382857
17479448 919951
16314216 2935898
9166140 8394088
10810913 9379386
9929191 2624146
14331558 7099254
3170821 11148231
16802053 12687126
10584777 5713137
19889245 3638192
13295129 14659443
2565793 15361769
7701592 19506429
5040057 10374517
12505130 7310859
16273833 9984578
747269 12588048
5436935 2429868
13498595 16247848
11809254 3427786
18871994 18657272
3043499 14559274
9805502 19845552
7246399 390278
5558688 19652104
16544931 11370277
6828005 11627183
19248505 7046056
11133611 4288561
17420573 3638741
4115879 6210864
6139778 17379609
11315372 11576713
19809477 4813966
341020 4135190
758211 19213014
2792461 3801710
13772288 5114422
3647261 13535146
18021160 1722409
5703708 14566090
5609145 12531713
6193272 4857649
19577770 9843343
1662670 9514801
5998543 5778549
15725666 4654780
15674617 7041037
16231493 15484094
4371462 16572513
19619284 5129674
8301986 14928204
8931384 14590733
42625 5095105
642337 18063785
6817514 6346046
5146334 12426659
11394218 3856065
9800767 3488446
6215867 11463437
13003248 12214410
9758446 1245372
16869190 5433062
802868 5617142
13433615 5174330
14706114 13052898
10304004 3008099
497560 19235389
10115291 540185
4330493 10757629
11120430 3664466
9620134 8783223
8607584 13530811
5155747 10924810
17019258 11371615
2388247 10022505
3586024 12146693
11267877 12971674
10096214 12070745
18588816 3529829
9761534 13294929
9099186 65538
16303029 9596747
11817386 18934779
10136932 16147879
9692407 13773821
12328804 11829000
15073503 13452847
5359811 229250
4377656 2379068
11600865 19282363
4918032 7703348
11429055 8702368
675021 1525269
13289572 19263837
5055098 3051105
5075225 14154284
3116643 13894713
16267490 14934029
12829491 6404422
3598366 15038358
12694702 8443629
6867357 7768205
1896475 4743627
513914 18790592
7122695 12114779
18072954 12040727
12334586 2018468
743094 5526067
16060197 14032666
4789903 13631754
17083772 9865128
7786037 12716874
16276300 16569987
7650903 9105791
2974408 3765728
4144148 8185569
12209358 3527964
8470233 6622292
8271592 8984147
5412883 7910746
13615385 16002297
19951474 5949971
18020765 13211027
11476038 14080961
19760153 8782400
7712714 9360383
11163988 8015210
14593716 7440287
4585196 2244618
9062537 76063
18526807 13206685
778092 10736164
16734650 9248325
17358456 17522701
18232473 15287799
5433446 11847857
11290095 17901379
10314287 1827318
11112406 1790324
15908279 3389017
3089184 16137452
5265859 6769631
4152661 19859575
14209918 1254317
14620653 3272455
13846840 13147459
8995599 14624932
3883622 18246708
3873257 13758537
15769408 2105729
1562794 1202854
6470045 12852889
19104233 16784333
14680207 2733097
11091116 3104944
18638574 14180300
19242396 3904432
949930 15911517
16280467 7676308
17165834 10901119
3465222 11012673
16565037 12460821
18154065 448658
10707529 2027321
6723654 18993396
16649510 8286449
12712709 3119554
13655797 4333401
19903887 852463
19582958 10995003
3957407 18221532
17691762 15716263
14642423 11158152
4144238 10922889
18834460 13826531
14340467 2299681
17355663 10905503
7276961 15509727
3870620 10500949
17537048 3110734
9494345 14186557
3913642 2207053
17306112 17569439
6540454 9726457
10938361 6123412
721459 7412228
16861403 10929681
3128490 4020284
2087832 19789188
7459633 922291
13615718 1800099
15738432 10971380
5222062 3015392
6481107 1609141
13516342 16534614
4719875 15527146
10721171 8633517
10250658 543741
6202956 16791113
10270198 9657776
15430984 3508117
17070004 4808845
14437798 12714953
8829129 16525630
12504140 16288762
9964380 6119857
18088862 18219271
17091238 15827383
1234662 16088804
17436524 7267463
12623417 2156399
15311068 15861047
10789916 5561726
16404788 9509331
14869298 19191446
11683567 10300281
2699562 8753570
15109126 9653819
1468523 3938254
6179448 13972663
12743476 8660287
92520 10832337
6879557 9700217
19176179 630678
18305480 16612702
414601 10928896
11285560 8242128
19306403 2075476
13803854 15711190
4101266 8673151
14902635 15784833
11489891 10118656
17054863 6599016
19772475 18523386
3053730 18468382
5012507 15797206
7128668 5105027
19146002 6524684
7321703 18322180
19671823 18143642
7451340 12602883
1588997 18736901
845010 895399
13328836 14648865
16606589 9946561
15838475 4025683
18247854 7328366
14144339 15302716
13927382 13916814
13826101 9497571
12385195 18838608
17811236 12030323
16460095 16957237
11071466 16298257
7795875 10743288
14441899 15247216
3346170 16030896
13984116 4191181
16926295 7312951
11356505 6049342
17259512 7194979
10075025 15507365
14523345 4219364
3326539 967186
10652637 17152640
2981216 3037831
8507707 792452
7584613 17484261
17749689 18656080
6298976 5545564
9399367 13257334
13309239 5261997
9288229 7293354
1969637 18730983
7122764 13326142
17296785 16898735
13037580 7371809
4922559 77384
4107632 8249098
1044570 7276728
17918198 16542246
2831019 6425904
17334698 10415632
16426624 7600846
9071711 2725599
13146410 10987538
8499393 18972108
8765994 10304081
18781921 10735631
9035064 5904684
16578232 18848308
2803418 9615811
18736576 7725977
2209654 2844208
8491535 3254224
2637395 6409732
19796471 5468414
5352095 9647627
15884047 1778718
17248473 17472217
17020777 2911341
976213 5520169
1883448 9742207
8340710 665368
477837 9892233
19086512 9572528
8740540 1889930
19188340 7477115
2132366 1397993
2837782 10623901
17168678 5475178
17033633 9481607
10943592 2385727
11645693 6827638
16680905 8894166
16816315 6218141
11805507 17792528
4254769 6205415
7534735 12595479
6870783 529031
2487711 5957295
10101560 11228251
363684 1806358
11221826 15012510
15720811 14059608
5636411 5405947
19534786 15186503
14887554 2994837
10088690 19049707
2338934 19286054
7943872 19155249
5504194 12265838
16947777 2275423
18471253 16998971
7387361 17858496
17528002 9875073
16332250 7629561
13619783 9212393
9435919 17358068
4224902 5156730
11417676 9861313
10562677 3468920
17564276 17966691
6463757 7652965
9532856 1319151
19455478 17476728
474399 4959672
2259024 9938635
19751555 13246737
6937605 7138915
11105232 16982067
9530447 19953941
4611627 3150230
9166333 6564006
13024757 13391235
4237195 4442432
15769008 7316331
427812 5849742
17799481 19408029
13502707 7332336
727179 12958184
17325523 1201579
10434315 19584548
3656673 2702328
12831284 10594279
9841244 16452975
92804 19371691
16406915 4704431
15038380 5573247
3784896 8063137
11480941 8022091
5022028 19766408
7854882 5449840
5616149 5654362
4857869 11635315
12986699 18101508
17109959 2828680
19303087 60732
2413227 2959760
2763061 7760970
6070498 12604305
4213944 6163302
4492454 13137318
3384192 12047294
11227024 7169089
12626890 15224425
7707639 10165377
14990832 15562521
8131677 606981
13733343 5506005
12242296 19236501
3607512 9352254
2065180 15427059
9412987 4478408
10903278 4692507
4755837 9490235
9813271 1486241
15653537 14305725
14623559 11554188
18869478 5850583
11239736 4012826
1075007 11463835
6694663 8582298
7026355 14826340
9189279 759697
332344 13948035
12512657 16456316
3300288 14577838
11883374 5229734
11572705 15303111
9922241 16328542
4793345 19735512
17814783 12963341
6557696 4954801
4517529 17943633
3321843 8273724
14472919 16913310
19737559 1167581
5495607 6763914
15993921 14684887
40070 8842724
8632921 12552728
17815499 4449668
19647025 9698873
2195862 11219729
5001983 4634562
7548270 2311788
16886534 17879513
15275129 15960689
2834313 19792658
6420780 6156156
582841 893698
3069465 320399
2061279 1081531
19600773 10571659
15766418 12157303
11930842 16915798
17226490 9746341
13881926 16873514
11961673 8594247
8093242 16963656
13228809 8157971
11791903 2631801
18553943 7067032
18592490 13904715
19376149 17529730
12577330 19958990
18423428 15646795
279389 13001167
16728327 19880162
3572825 5011203
4553923 8020127
14443461 1780412
17766468 8325386
18653926 9728140
9436092 19263627
19208255 2664900
19938058 11000158
17813162 18492000
18067190 8922110
12396715 17443338
6451839 4974044
9918787 4875267
13137299 10198176
10392893 2382084
2594796 13965718
19909747 7148720
14502304 14353207
1445591 12268771
15195052 99517
1996910 4631143
11879603 13721625
19812504 11817660
4721782 17625665
2826119 15305431
6547774 7739293
5265227 5516073
12713337 15184014
10391340 18367095
17898649 784232
13265638 493445
7266409 13175385
158624 1768713
7528591 1604215
6553943 15240103
14220192 1067313
19871246 6099795
14788938 12200208
10433914 12027179
9825872 13260033
7332609 8890106
999325 12597836
14406179 6229122
7781850 17313978
17112676 5680498
10614669 10378314
18690403 10397537
16070158 18849027
12166250 3598748
12969702 11236653
11355310 7189893
12303966 11226556
5806147 7092903
15943223 8756521
19120082 18285555
14533013 18969150
7175660 8048798
11566985 14098298
14277920 19348835
3928734 3907054
17545793 14543403
6801827 16236195
4940939 2871984
7601681 9623649
18987193 571382
860301 10342502
277734 13164267
14085517 18600342
12773629 10028740
7356862 4410169
8314294 14406334
3379318 8006413
2455131 7462762
2104710 9249510
19328057 6033444
13156565 16873849
13093306 19958392
5626502 18034245
2830376 13228183
7657893 1817568
6316024 1034653
4676529 19110219
6715379 18762047
17710560 12005467
8790786 17583881
16415636 9621539
11990214 12311413
17627952 14445346
12290635 12249121
16211315 11618691
10799024 9367879
1008998 3892329
1842730 6635500
1926573 17189566
12380143 2100926
11523593 18696167
3135579 16200122
17806385 2367418
14962168 8033403
14372885 16269413
18133743 3304980
5890951 2640416
8132852 16035362
9602221 423486
8284482 5813535
4558636 19083506
15181415 5567634
2975834 9540604
12203135 17418868
6730169 17099737
19519794 18253762
15795903 15171832
14453883 6118747
17539250 1932510
6668609 11912135
10718382 4802352
15217115 16609334
19959228 15866426
5161154 9561448
16289913 13445637
15374983 848548
12529142 3072856
6416183 8021436
5129919 11135777
5440303 11860088
8235513 17476556
2630308 16547875
5164846 9600651
15183081 2704096
11533161 1851690
7132690 14768002
19170502 14866264
3893794 19129729
10732689 9054949
8691176 19539061
2500585 16582618
387609 7546186
12171934 19320252
15567622 17301853
2972487 13524384
9161941 3724459
11000939 4308708
272333 8682245
13909359 15455415
11386341 17958979
17307105 11035490
12726981 8994065
5901753 16620775
8123793 9150901
5675723 9331428
8689962 8176308
18430505 1594030
8238954 10602438
914281 3806575
7904291 16403228
9847419 9582691
127686 13364817
13891399 400019
2047061 317217
8371893 13433402
18276196 18195457
16985351 11003176
7189521 2887103
140410 15313314
4554464 5816133
17161201 13244426
6508901 15591706
14838456 14747855
6194143 8269196
11070889 6614893
4672423 918307
8714043 4800109
14283125 15121902
17716588 16330186
15439119 6088481
2280047 13715314
4283937 19265398
17234950 11473459
14668961 17375360
19303232 19223425
3191492 8980892
4984309 2216852
4572597 19822765
16964707 3283199
8091960 8035596
2414552 5280842
8953903 11128595
10080951 15753487
6250496 7797538
12083673 1689614
6402478 14363720
15404929 10686416
6145576 5156337
14676334 814536
2531696 13979565
37960 18239648
2960456 5022269
456500 49512
17361493 9937666
3332712 17969912
10489721 5747264
3250753 11960084
9392318 5848163
7713570 15642815
6162161 19797243
17332429 12564639
6677421 5253816
15767514 12822998
10410153 10443847
13637534 5458308
4423412 6191954
3697956 19900328
3730682 16670916
19949841 1092175
6608581 15799012
11578546 17098303
14062735 7345759
9058386 3455052
13193922 9288415
19097867 11872542
9085658 8946755
4437181 8279538
6717030 204694
1102535 17127184
10648542 14740070
15101951 7588413
13448483 18799907
5199 17179165
7987281 19955040
10787799 14595863
8270510 2366345
4210624 2333244
9712104 5785469
5788297 15422485
15073884 4886163
7295027 16676001
6349377 4248667
4955539 13066408
16969821 6058074
2710050 134821
13314603 17812001
7723234 6763085
9128367 244893
16458710 17115648
199932 7246508
11711510 8470443
2129312 8438593
3320146 11841416
14224062 9108443
19780361 1814405
6511066 7075387
18490406 12860443
3840513 3445944
18443310 810333
9504019 1153359
945155 15335081
18965361 1184848
2098166 610186
1429741 11073335
17725834 14146134
18319843 1953803
15133036 449155
10392396 18453182
4807030 17132918
78084 17103850
18947323 6589150
4179236 17437728
11966052 536208
13400132 2925821
1346542 15420610
4079180 14808157
10755690 15561000
15993005 5370315
16171186 9939206
16443650 6413479
4085339 7279952
8367282 11734834
7729107 11276137
10188015 5052596
925513 2782558
2156446 19872836
1888167 18852142
9827023 13854220
19388351 3227154
9296500 13251352
11164223 13375680
8059508 1919912
1453139 16568972
19806688 10140784
19024637 16250337
16554263 15626435
3530288 17438004
7361268 3775854
1230600 10065743
1344910 2156113
12848301 3501356
14545409 14736469
14869957 4372431
1107147 6774766
116044 10403647
26117 11280267
16295786 602084
5716638 17748925
9687516 5523325
7889709 8712152
14290122 16960431
4338587 10336869
14398435 4216314
6629183 15629035
14282057 7974093
10301607 19646818
3991908 4847015
14383286 18861865
9219446 8006892
5636631 1851949
18410539 18179208
5648675 14706324
18781293 11365314
4971708 985267
9405098 12861417
9697419 16211679
2338306 6552465
6548548 9253200
3285239 13177731
4882234 10083755
13668283 15183842
9730572 17660191
12547316 16630317
16522055 1766762
4637208 14675145
16135171 15564206
12854353 1783846
10270530 4152104
5665619 7758697
5137371 7587176
13136573 7351249
3798855 15474879
6420174 2863862
4728079 9705413
8558052 2126772
19789168 2226334
9827073 2036199
19886525 2374389
18666516 8925038
16657611 15820184
3600183 12792781
11384389 8970995
7093086 14171378
5639558 5275164
1930074 3293388
12862341 15066647
3161096 9177655
10541526 9581270
4557976 7786064
11803142 13116028
9912836 4108769
15342362 19739910
18661428 7745345
14630758 17327943
16670383 11288368
13148126 12787025
16597608 17048975
14274479 3690694
11220352 19914037
8965858 13150427
3207424 14344658
8217073 6368521
16038772 11275058
8466250 596747
19061122 12785852
13712775 8973958
16894621 1571595
1230326 15556048
9316940 15861084
5400449 18503783
19665911 11065035
3807266 16263518
8114009 18081746
12470671 11850820
10512241 13952989
5001246 13719666
8297646 5734779
12604646 4336418
9526296 13587355
17449625 8587418
6373206 11162400
10077835 15784286
5250454 3824620
3856792 7083854
12202163 1773701
18104096 11868073
5355195 1911361
8131590 13469204
19993107 13118721
17836483 10505348
7071709 2837729
16741473 15369355
1088967 1862577
12222232 10615263
7966391 9671857
11719140 6856057
13350716 14313434
15156802 18601170
18138054 19013595
18201483 10340216
13303755 16305578
2208288 18658950
18216940 2856338
4644612 10726505
15975059 2481094
13748312 3046767
17835283 10489784
10932581 18924250
4868820 15671273
2055972 5351671
5343129 6291571
12207728 18693845
605005 7364529
9811473 18743059
18894583 8012956
1599734 12198337
4318533 3808022
3373745 15051932
19180820 8018357
5778437 7672337
3015911 19526749
3235563 851193
2532992 14168145
12291903 19918272
2355876 6864334
5269942 7699005
13155905 17477670
18909309 13760910
4842199 1237240
5020428 16253241
9250196 6620162
8451578 6085189
2944643 4341782
1137120 14641923
12360140 19432017
2314259 15376051
18958766 5549823
8743703 14008217
12234427 1035605
13926488 14590303
416398 19196431
14805767 13572304
9190559 6231534
19849673 6549217
7468774 4870100
2802458 9235430
11490262 3770495
15320619 6951365
8112277 8974198
1593287 12988876
8406215 16424006
881385 7364980
14490288 9625089
13889656 6724714
3177153 7816143
13831476 3593552
19529033 1153701
9682315 8719592
7385235 9531987
7785268 14854010
14402088 10587726
4089439 18408809
6874680 11926517
17876633 14986958
900714 19469920
7975833 9306929
15893926 8857219
9188368 2900672
10998767 3078023
9625387 14175920
3410626 15973322
10285931 2939658
17127024 19968246
4175709 17028718
9500233 11960978
11882727 16418780
15065163 8488625
7344047 1939843
415141 5220680
16926801 1315856
17207059 17419093
3139244 5617443
18792771 12327613
8518116 2307996
7922095 10659962
16483917 11332721
6633283 19286307
6788839 16276766
19254553 10964548
13305484 1271244
2925525 17704670
17690024 10507148
18709755 17550530
12446991 19124896
2771209 1890250
12957211 12494728
11825802 8612915
18112171 3135032
13456987 6630286
5443028 1379081
9806707 1926944
5228262 8956450
13729711 12017101
5233215 12984263
2981648 11055158
6771966 18423634
1276287 16978449
8930781 19986042
14528978 13894231
11627396 9816647
15784481 17101067
2311374 126741
5713981 12940004
3261773 19170968
12086750 8704802
13066508 1893456
3148205 18294770
10849906 16877916
10311870 16083122
2378637 13293519
19654739 9150603
4233611 931025
6129051 5680851
13433526 13174489
19575082 17577382
2991135 7876021
14678448 17818969
519221 12908888
10758972 3780995
12079855 2845721
5002256 17662822
4739178 8150461
15957592 15589084
17544837 18785921
4188664 12439933
4595898 16359863
1590536 8829509
9807347 236046
14510360 3240873
13410535 6601900
13334714 8918129
6994380 8013161
6737097 7513602
922048 17496070
11294597 5518362
12858250 16296853
3181183 17597428
16963773 11655234
5702971 7025068
10441155 2408094
19465002 15037053
11284416 13571997
3866562 1091763
6324502 10893381
16849096 12251497
10011741 10183809
1169625 17006121
18196970 423182
4519722 11635477
10435711 8330778
17153839 3293960
4627630 12851481
13407848 14107863
4506715 11627278
13649390 14947870
6551831 5630850
9984922 17836248
11719306 13851484
11444470 18043809
17261325 810024
2811764 7273065
10993833 3981389
4279185 1707261
16921031 8798908
13342738 19873201
17129686 3013035
15683621 14273776
15864516 1607927
898097 371230
5751664 7063946
15319100 12303495
12694797 5304022
2656201 4414102
11671965 14100671
14974370 1449748
14910695 17786134
8722813 18420987
14283983 5518458
128247 11205013
6833825 5987444
3594673 16479970
1516938 19278294
3270204 9897914
886220 4168301
10269144 6637884
3748707 18104704
11457838 16443504
15925185 14114040
13374065 113608
731169 8348435
1563357 8158324
18651028 10286170
6579310 12935010
8321087 19224018
16656483 15154912
17727921 251155
11634882 19244860
19529449 14905086
9142773 12932128
11589847 11928376
12086471 15338554
10033079 3544308
4298516 18474723
17658348 17672581
18588332 10905977
18537475 151688
19064301 17188503
2954317 5643610
10123512 3791864
4867627 6779994
18946776 2595548
19547609 10581657
14356867 19077057
5486743 16016099
4525643 9593049
460933 16612114
4931602 10494013
156422 9230118
1485194 10331229
6902698 73525
1237205 17956633
12741673 301505
15145135 8212450
5945116 5268646
12004314 3329202
4565100 10951089
18441210 4112708
14049206 5314535
15706225 12052408
1330633 12748327
1645456 1791567
9360441 6577058
4802039 2033322
8323635 18803693
12364551 7742792
11393678 6118216
5699424 4135350
6419721 13361018
4864259 4881296
11146124 9385032
726958 15711224
12852581 19168168
12340391 6901786
16999163 563074
11470653 10846255
13311402 13116109
12637822 15188302
12209626 9956320
17221624 13049720
8760013 9586174
792511 153690
15704390 19008396
16805500 14640571
12369413 14186219
12038326 3515536
3571250 12765284
11743219 8940290
4449911 4083610
15842076 1449073
17163144 19829188
12295328 10474545
12945296 17449610
18179306 17671381
19922389 15400929
3237559 1198860
17503563 4030071
1352550 5724411
3038466 10674510
364981 7924338
17377188 12403308
11439875 948437
17685051 3183093
9888728 2134961
19783163 18247263
3584034 16946307
18076451 8395822
19937311 3538205
18361891 18116617
13726046 18284279
6034004 16963605
19483140 3537566
13510135 13352149
1778437 9065060
4026658 2143418
16989399 13920305
7063185 8429273
14868743 17264696
4128825 17273930
19399657 3911988
8037651 15500151
858294 18630561
3895972 13312064
14685226 2257862
11428680 927730
13058600 9979144
10407794 12541739
13516710 3917929
5893888 15295147
12982989 2437005
9955025 2488846
16357311 9534669
3434578 3742512
6799364 7563404
13532901 18715481
3991851 14087011
14215631 17366605
5234031 10628062
10678668 19919257
5402383 14623808
13363446 18460983
4602951 3771239
3519181 10636120
205627 9413069
18447727 13188617
4366533 8402751
8193922 13240303
10453879 11628501
9499274 17253244
11708364 3032174
15968724 15700215
9635645 2700813
13066819 14869676
13328875 16261946
7305391 11247717
10885753 668836
9708699 8005163
4440075 13227880
18641284 17162163
15157408 17089010
10350779 12040401
18008220 11061160
5280703 8462098
15206120 14779978
18231801 6914483
10328611 6716983
2614697 19964256
9417796 8197975
7350390 15263130
4459921 14655781
6510846 7862133
15324617 8736005
8383756 12281152
14480344 7025039
9443314 2154211
16630508 12310552
14194612 14638727
15888171 19475315
15617284 11094291
6771751 13849085
18008774 17100363
13082527 13139931
9581077 15016783
13854365 16931468
2796371 10830745
4103707 9307218
18692879 11944784
10559682 19593094
4225935 5040025
6618132 6185708
7194236 3248639
11012719 13905307
10403825 6900889
13380622 6021108
10511639 12668832
12386652 8520413
2285653 5469179
14176803 11866731
13002421 8031167
1314657 15798792
18861913 5418364
17622469 10071250
17363148 698609
9664343 14105542
5738635 8798934
12807709 5449330
4564032 3820427
11871097 14967857
3237776 17768178
13505424 13749415
10437009 5892076
14786287 12722663
3877714 1479548
17105853 9396594
9510716 18420510
5195385 889087
3838873 2817854
3476796 13718481
3516463 5657598
7824022 1771557
6972991 631731
19737348 11537023
16968618 11608444
19021339 12722853
9376621 12526762
18988728 12330089
10935297 6291473
5052751 14813011
7771022 2158603
4209604 9798197
13095572 1921449
3203743 16934446
17255763 6680539
3169385 13288685
4854596 10993407
7576702 4344046
4141597 19830509
15881069 13626675
11438952 14902407
6349527 13332032
19945628 5338254
18178580 10880925
11629728 3231331
18210395 19400750
17906394 14936459
1715405 11001966
16857908 4919148
452870 6630129
4116146 3622255
19918814 8970742
7132121 7495515
13314788 3790178
7326023 1712315
17416853 11281434
9131181 3766379
17129925 9076808
1621093 15308505
12474192 5767280
11056295 3201046
5168029 1479147
18137505 19399894
12481113 7511871
4319041 5450442
6658459 8435187
1589156 6577272
9922388 1237737
6589247 3237175
5027915 6431729
17465950 14961227
10229623 6597130
18727606 19876007
8190397 12865158
7700970 13181049
18632438 18757265
16382095 16316926
12752872 7036058
15716819 17750444
7064388 35859
3200886 13722847
8471046 17306502
12816578 18393434
18544239 19405825
14147068 16088613
18354014 11613017
11049839 1100095
10726606 2293904
976101 11433463
7675521 8677072
4614511 6307959
19950796 13513065
2624884 12703667
549122 18341704
10454111 7613510
10894022 6171456
13852816 11881528
3477957 6669393
10274961 14538656
18591678 16938489
10627268 16945691
1067964 14193567
10562245 11794571
9003930 11538346
3228033 16679451
12731877 359003
2987409 12682673
13872068 18128754
17902799 14421190
8986916 8356909
14551159 12397397
7044824 8403974
4278924 10522782
7589826 7070345
17577897 6181503
4008833 721623
15643653 5076797
14915190 6205897
9387827 16435579
17744244 5132319
13115030 2992579
18007782 8618898
15675252 11879849
19264111 6094510
18817498 8251026
6967878 5885115
648423 14012703
6805548 4927347
17051944 14395375
4514151 14629840
576877 8522984
15351463 8736990
6116241 2783112
14942887 8020527
19218691 5203589
5669306 4850179
8196169 3677087
13469078 16387880
15556937 5249647
2482389 6890893
13500674 9450268
12776009 6665556
15979430 19581557
4109362 13031373
13976931 8623514
177671 7070268
17146498 15529134
15807258 15779198
10828705 10750144
3799725 2563855
8470193 1985490
7414034 16666362
5662577 13399571
13054241 1219513
11165678 8053090
626866 4666351
17503358 13402875
3848366 13482787
5500890 7957728
19030619 11994281
16581242 19208290
19064549 6244199
7253882 7388265
14539856 10599047
10654868 10856040
13162902 19125061
12841530 13093395
15791422 18504108
19009426 1362122
12240080 10175103
9415212 12866946
7357913 19435029
18786280 11206279
12917815 4287170
19164007 4464892
16281451 8261708
3673181 15345999
7022366 3443522
15250723 1562221
14042569 5905590
12418262 7205470
5030651 17776251
12815325 13338532
16280358 4341209
14700654 1036897
14516312 16632325
13903843 14390684
16067353 12690123
5596962 1501626
9493752 17277428
5966518 5775202
18055595 2156158
13637660 5077960
5599681 8888382
19156642 19642250
14793972 4091362
19364180 12341082
1867612 4695963
5679614 10664430
9037172 12896727
11701327 16069943
9529052 18121629
10460626 5596404
10811751 16057588
19614491 12821962
5851474 5581008
18597164 3907069
253626 4751282
1501488 5853307
13639664 658129
18012016 950095
17265951 9892654
5807636 19133564
14588617 11487250
2314452 3625788
16900437 14015779
19695731 18945948
12137407 10156356
17058811 15465618
18730403 16673301
8287579 17098337
14770769 19401203
13521865 15024395
4152484 15023353
13394161 10308608
8197942 11406176
3775162 5463892
1298830 9582798
17113915 15887447
13586508 19428367
12029695 10486944
5960604 11725425
9432891 18098012
14398241 6491701
6080088 5645102
15681462 14367667
2743438 10452230
13768869 16265303
5476624 10437813
3805115 18870785
746420 12003057
2793419 4521582
9983408 4092249
6620839 19613783
12496156 207346
11558608 4525850
3210749 17519213
8767734 12643640
8133683 15682434
11651801 14213771
1327536 7333262
8581437 4070974
10301951 14866766
12852737 15778575
17821038 16657852
7165818 11083917
8660908 2475696
8121958 11160775
19084406 14742797
10774557 11580561
14950144 2333165
8622870 18160893
19852378 9907063
3320992 7986060
5589497 7489252
14716290 6917033
7338973 15814186
3504466 17640924
3197410 16357203
5935957 1018447
13015054 5618234
12102364 14192421
8093930 224321
5353196 7178335
7483578 16127753
11275355 2433721
10977377 19898225
13111073 3346213
9805288 8948524
3848732 7911244
16437776 18565022
14828277 3776748
14379208 18332743
13934131 17576618
14689946 19870088
18595066 221458
5488321 3213888
14413880 6098711
15954670 19767076
13277046 3438247
8411287 17068861
18388428 11905124
16967085 11499500
15251337 19288832
12964484 11616529
7200075 1918718
10181550 14544811
18211927 4560757
5394013 12146057
14653835 12600418
4532604 5765359
12821876 2537384
8979247 7235755
8636095 4933916
19519290 14429601
888622 447036
11498461 19277050
4868619 982004
3293009 12636415
12787296 16257493
4252943 12503830
18176211 14434494
7048641 16388137
11511710 12442654
1050653 6165544
5043071 5583257
11930903 10381406
8120641 13426610
10133621 9273196
10876985 2169369
3702796 11765608
15132865 15201257
11042657 1483
16183261 6852125
12637899 8970556
3109617 9407301
1474386 13802288
16358254 1039486
2706883 7869964
5998599 16273996
6551967 3558129
1857252 10999330
13939535 2494353
4425939 4073155
11767549 15302924
6242525 15470345
19584991 13891849
3188060 10627648
13893333 19371321
9996232 19047691
858336 5622309
8454991 14849182
19424597 4813245
8405127 14647939
5199668 14403726
10921935 11751635
17961855 5295646
2750964 4417848
7789999 19693363
8491004 19557548
14996287 7249988
7544351 14581277
1141836 10732411
17725384 7551628
10103732 238075
6599318 3478527
5860384 7570769
10844168 17801440
4900473 19249295
12449378 10100141
6169479 15887772
14368235 4131333
1183418 9635659
1065640 1489876
9329021 2073103
1047424 16841767
9323091 8591775
3939503 2981387
19324187 14181346
10533015 1944377
14419421 9648793
17939364 279804
9736021 8783531
10597703 14636494
549284 15563541
17253094 6718763
11451312 11621328
3366555 5151189
13773446 4432195
6641066 3102467
6505299 204949
12460693 8344849
1313183 8916655
3842695 13153829
3098001 14375711
15098206 10033881
16540963 5554028
2830145 6276983
6854018 13427848
13429936 7403302
8991388 10683029
6638524 12959160
14820816 10005079
10626808 8594262
6953734 17267874
4213188 5975492
9989282 9190340
6836800 11302466
18106996 10679496
4456294 13721456
17571666 12070960
16271796 14112628
17624988 19101941
12906070 16995466
5046248 6336005
4398767 6554095
9535493 11037292
12029714 4356308
13558830 2656522
12950570 13029023
12440855 9680217
19004515 2430137
18870558 5841315
6249062 9494012
16520811 3221815
3215467 6608935
15292775 12003722
721562 5434222
11105663 6144091
2429687 8668370
12480096 19344914
7738924 2015588
2898664 19768639
18888356 16457495
14941620 4355385
2002976 7382474
14035602 13523951
2329070 5422618
19365266 8578132
7433089 8402535
11799948 10648556
15011470 19609182
15168738 8249491
5043403 18790860
14393582 19989550
7459229 19390137
19334464 7714612
13922184 14749587
7483250 5326998
11207081 2424869
9682383 5726517
2323803 16234445
19250468 4652873
14173522 11132192
13231006 1606611
12051186 17547413
4771626 19579115
17156594 19940364
7828605 14716457
18731223 14738646
14706006 18706911
6645241 6556928
6421523 567424
1306515 13904773
5894422 5030055
8846102 8093265
10756572 3686364
4327709 10007039
8339237 18501231
1139230 14086702
12624301 13190416
4150573 17395928
12769530 1307167
17336291 13114594
16023624 16067514
369698 3246088
14774424 7014939
2319476 13712406
7582363 3625991
7617179 5993245
1172505 8979740
14086510 11929078
5182563 10930678
14452576 6038259
1948367 8108266
124961 14572669
13815141 16791994
11968596 19101131
18099161 1821345
4732183 6639243
17888859 5101882
9885332 5179742
12116821 4721267
18892148 12215644
8347258 19025786
18208889 2036222
521984 4811857
13965300 18221007
8258994 934335
4259266 10207361
1559060 16900687
4780029 15374201
13692680 9265084
14475331 4308300
11086430 19207515
10947543 1491747
4309396 13349334
19187949 8942676
18070601 10596556
1158319 18934318
2138800 11883667
970540 15177245
9211983 7452299
13398251 17470977
8386634 17657517
7678338 9945694
14558203 4974826
17836355 8250883
6756370 12311685
12559183 17842800
4035658 16023185
11851006 861513
9372519 3555414
2320649 19959579
14151970 15995428
18893897 8807229
7879095 19864437
3984473 9607537
7316735 17382725
7078514 8219829
15040241 7273311
10681982 2114903
12248137 8518336
2882245 11520966
13346481 7957887
1880224 9898598
3981071 13731231
3276571 5870049
9803104 5597220
5829628 3955073
1592647 4723524
12762302 1988201
17104420 9263235
11595739 16937614
6645959 18674253
5157442 14202659
18464023 8355884
8834021 10712159
9390679 11716266
14749585 15253619
19674153 16629809
5152217 16171684
10361039 945247
2041732 164142
6542467 7871360
16635675 651573
5111343 1914436
2639775 2215762
11177671 14235514
19153377 10340089
5426225 16827278
17059207 3890247
5183161 5893228
7118865 14573841
10125953 1868449
9827459 2316565
18498259 7496135
18488249 1375756
8441382 529980
14056359 7500308
8401341 3208492
8151882 13512684
5122928 10791657
8244906 8817058
17543630 7398282
11673606 15486314
4225559 1249272
11893020 9408721
19658960 11528344
16499021 9784912
5913253 18842939
12101477 4411511
18855534 10589725
18303727 7296915
3636165 12360085
14797224 4553965
8085037 15465565
10583108 13207965
18773681 18828014
14541483 8833769
6226295 6215088
4320082 10451855
19980820 8729561
12377035 19639779
257904 1392514
9424691 6171157
235452 14042627
3099127 19090986
17148812 13919314
18904361 784976
18795858 6218043
5338941 6880894
1683607 15922049
88859 457287
14750063 7146801
9291056 13492817
5878348 6127597
16461131 5859168
14857158 8838165
5498946 7631521
2747138 7440096
13802679 15499051
1482723 9418265
7106495 18631535
3337578 6010855
11932970 2133436
4745357 17271911
9014330 6428964
5710418 1619648
19402711 12976940
8766449 1210225
6469757 14644798
7337822 2930887
503965 14711439
4285512 18519371
14859420 7032650
5959467 8662098
2531700 7442190
10596822 9638196
18590184 13934401
8165510 10523153
8584296 12910868
7795063 17598626
11856291 6021940
19218275 11259002
18998881 501182
12469227 5468637
15145980 12323509
8399524 8166404
19551407 12685036
6685775 14410826
19717687 12645242
15589383 14765846
12603891 18702665
4404041 11194074
12637065 5086011
1717226 1221360
17996879 2028748
11336445 9853169
8050688 3071178
1112170 7049568
3572361 6097857
5034664 11234800
10937825 13434189
19401205 3005690
18635684 18603439
9932976 10869829
3765139 18038818
5635675 16369030
16741482 2556175
79562 9378546
7642186 14313248
3116365 18155524
8858455 14452811
8008693 16909143
17523989 1637322
16475171 1096349
251638 1509834
4847609 3705922
7460482 4248813
6711613 6096166
15368711 9161048
9482454 19133850
7199865 15118129
8019338 3941347
10190764 615359
13319893 10349409
14928607 8952718
8504933 3787061
15921988 9030085
13212663 13445976
3183866 2204292
7058785 3435505
3714127 11906394
19657887 3691068
8671666 18885959
2303693 16556836
8047006 11786148
8207144 15246872
19420736 16226482
11704678 9611499
9358300 17541030
12477368 16803366
6493747 982300
13106886 2415734
2528844 6319548
8378170 5712710
8523841 7953414
1664674 4754427
12376267 1322561
8445495 1047932
12724979 10749189
10121227 771985
15051796 18328371
8535316 14472531
7071311 239993
16600490 16429611
17781023 9077857
13232976 16791230
2576616 6339861
19206964 5105460
5175868 101592
3334629 6216168
8055006 17515764
3487054 431272
11354784 11932550
13995664 4079762
15198198 4116890
17368207 2766452
2445260 5903522
17238983 9516571
18659975 13839472
18462641 8957457
15433788 4212075
5748686 18010404
3068395 17472109
15632323 8244264
17573702 11483412
6976891 5628707
8999175 10463946
18576440 353958
14912955 12572103
16950180 2627611
16688994 14318387
5394063 11650713
12738368 2633045
1167284 3914802
8988977 12146384
12872259 4422764
16358460 11137404
14949628 19426855
8609512 10581950
187577 6183213
14581821 19680929
4328380 3580995
10144874 2904819
16451413 5057828
15476922 5918052
7685439 4682374
12752898 13079502
16333088 5491265
8229006 10016831
1922526 17217983
2163214 7311244
1640747 11038133
18448648 16590375
2981447 7058160
19688784 3169024
5757832 14270605
2849952 2602671
10368059 5511285
5507490 6819472
10569113 13500872
12737524 10771011
18183246 5490421
16366972 7032792
3498145 4595978
9566082 17937132
1813960 4245756
5248375 15971167
15283889 3697023
12561541 18265336
3271642 4766784
13950820 1545933
19037389 9317231
4148605 9405447
14828517 2172554
8741378 17914089
15673426 13995361
1201559 6373131
12002241 17568531
5922382 15500387
2164508 15488465
5953977 3978469
19734221 11202352
19949636 7534568
7415834 5027636
18316364 3203935
9794420 4783642
4749869 1348267
14100873 1414933
3270173 1445848
3587487 4528011
11876397 11777373
18523372 13077956
10666963 10525613
10646486 16589345
18542459 12810995
4594268 4496435
9305923 16844948
8215246 1772017
16895976 15631081
19316113 15212339
18835016 1626991
19995981 16101344
2975258 6613312
17516277 18761892
575620 13620224
3289902 12452017
5397596 14329733
18046432 8581018
4855345 8692917
17686822 15914263
14020371 14797550
12927157 15842753
11642497 1142403
10131230 1054931
16773484 9447342
8783729 8124958
11074334 8779709
4226302 6566051
7909481 1742578
5327942 8485101
7879261 8617844
13453577 5793316
2947577 11500008
14374334 319381
12709384 12061156
8750104 19246215
19375165 1677260
7605426 3534120
2819663 17736656
4589052 19593147
7183998 13372781
7718105 18258332
14668950 4460866
4824382 2578430
6203444 2668784
3579990 6599165
3803087 9550026
12392481 19267124
13566493 6766815
19586506 18792336
11344430 853068
10555009 10719594
2530328 18160436
14253714 5349992
8413550 11359225
17459598 15597548
4732006 17694162
6372338 19400956
2155027 3713180
14495845 874931
18898424 10592294
7474096 2701510
12658779 12383036
1968634 6225271
19149851 14071599
17534066 3010739
14924667 8089075
6246792 17454995
18765970 13016966
15321446 7179519
4376190 5297503
2777067 9108196
15508124 1665864
1025610 17663152
17895504 8037914
11054542 16793927
11146667 11045097
19495438 3805445
3428132 1464071
2547175 15094443
8052129 12597701
10621641 2976795
686775 16868434
12948249 19452745
9885399 786154
6632263 14261589
6083657 1925789
15886245 1591780
16108114 9428314
11771391 14003617
9982688 15342392
3314003 1129354
18903948 2809440
17451260 14848540
16789971 12514894
9942982 4842099
5112594 564622
335353 18315829
9949515 5800061
17768573 19834914
6586215 16917296
6612962 12669872
11359544 15015666
6778112 7467657
16960439 11065962
1471274 6943126
6408354 17301737
588940 17828761
111176 10556659
12677300 9417606
15588012 15136741
6776164 700606
15701364 7111517
11532894 18167338
5428037 1817926
18002252 12014253
18735222 17131673
17200584 10094765
4663797 16495155
17562423 1624235
7561117 11550156
8567362 6485930
8851892 1672761
4314690 1479527
12229420 16991991
10897133 333890
12128731 17673297
13550956 346553
17301273 5083850
18513892 2729309
6901776 9032602
7260021 5636997
18680734 4460605
8248221 3344530
955759 18327103
4968765 8516876
2393717 6052586
7519265 11245609
241806 11833956
5241595 4987685
1342405 8655187
5321576 5987595
18844943 18872532
18850609 16146215
16472841 17364500
11391984 3374616
18913561 18652005
1528072 10110753
15629069 9776294
13455283 16584829
619855 10940507
17618164 3013573
9509553 17653889
6775641 9751359
9487844 12017237
14739045 3346708
672423 60620
9334303 19517367
11449611 8184911
8180040 7922452
18065870 12088483
11297068 9495889
3256947 5341600
19606642 18886016
7634353 5578383
7987303 8254208
9035350 18121927
11267781 18544903
15775815 18043423
812720 17780118
2577118 15551765
13643285 15766001
8128844 15494047
7799826 19578456
3678958 8496326
17366 14261287
584808 11314434
16273636 16358215
9172493 8396736
7760690 16806846
6491579 8264452
17577514 15526929
6386378 8845294
6588290 14678652
19405176 7401010
4975228 14498753
2952775 11134972
10264754 3598078
6629019 18064580
3176533 2824436
6560905 3193899
9602182 19662174
7024793 5875817
8536847 8713745
6789013 16297537
5520591 13280592
4561989 3098104
1323979 3464826
4459857 7912269
10659938 3865033
7829738 8151625
10880245 10782513
19286598 1144998
6897051 5915616
11726038 10073584
8740052 18286943
5783943 18342234
10465575 5325195
16734511 19002423
14038940 3523523
15299959 12075990
9320574 12378407
7690553 10644553
15843234 12150411
11073281 19019631
8531903 18903019
7171255 19412148
2201991 6457852
557146 9099042
12373468 12283184
11689085 13629979
3086585 17473028
4488672 6068620
15314682 13739642
5071042 9353622
17263165 12887460
13946071 6583738
17782327 1636624
9744750 13625560
13787035 818030
12645190 14835397
0 0
