59816537 14247634
21923112 198790793
87321234 111022167
103680715 172120872
122711253 169827130
107723896 132700713
134315863 153792545
68015419 48055518
51380032 49885490
57835124 76783925
56347948 56935321
14566257 197984606
59196476 160708256
104288086 20014558
165869887 119123519
152252036 78202787
185887517 26691511
76993579 125725113
137713678 180674294
150362348 112941293
150501423 58086243
98158369 137333648
64395150 18690150
37905528 168291545
121092003 148257015
97591832 177439951
5192335 112158090
175424557 64388811
72866345 79712642
136919732 91252595
51352524 89171768
169455382 37240040
168379642 46448960
15481515 158609682
79639616 165843863
71550975 82657402
76446468 22225706
72507412 193357981
40915856 110412941
161649525 14524221
58669955 59241357
191964172 116378654
23915809 167388728
33283827 149298517
99617733 22719922
40551111 150970257
164408053 10006492
40726659 132787694
108971815 108724537
91397375 41127794
74568400 15464712
123785196 3531230
37690418 196292608
196889212 131122637
159221911 11055098
145646858 70408229
122812818 137611030
186786883 146728627
157516120 72587072
148543507 109650215
95306994 189094618
60620471 59715046
51617473 153863493
45019102 13105650
115104393 136416478
54233444 189672793
151881190 30535002
45720385 42087971
79343973 42609596
25726970 38565883
106181058 171373829
108974112 28993875
161501221 148277357
28238865 119017340
20864429 176782372
81183918 168687786
18393351 141804389
80919195 122527187
148184245 125938297
135632838 63288637
62354774 42382644
105477792 66752327
72917647 3714539
108840298 152261620
98840499 134567268
190827503 5021556
158457459 152317978
86531794 119958679
153111697 114770659
91492382 26492488
144069393 172676300
195180275 14979107
166997051 76099469
137506294 167697658
54554128 125655494
83502657 116908903
168038139 41496811
36177592 40955785
45211351 145017890
45733767 144051850
132101520 36561269
149073406 90558979
41395609 88121562
63034020 194507307
2892221 7042764
20999794 199477977
32235426 68696431
14457083 51748840
144795900 4479740
19446497 51866391
130135234 155465518
21291656 150689735
196962329 57469248
191645520 94690042
55003500 37379286
38741891 187105020
126456919 40331659
130180361 20368890
128453222 45730744
14876196 183861806
105289871 35875991
35856144 137525298
104572422 50313228
189274138 101884685
107309331 61236997
6267438 89960927
16702514 27559094
40650662 66181206
85028342 32296181
160871248 140031842
122191831 52129502
179653224 101165112
92461161 109833585
121534002 20914382
8080691 136410199
57292550 113370562
24802552 93148695
50895859 181891337
195978286 92686359
136292384 103287616
153923357 142559822
193248543 23142233
170118916 33899204
141839802 55147257
118711749 102711050
47695461 93419942
154840552 27348685
194585054 99818075
137182270 116119055
173248821 197779324
105045616 30541370
111149885 182364531
123690065 14562107
164255868 172184713
107248466 153064614
75472328 113688185
95624436 121237234
189346782 118259714
7652800 131186583
25923334 126364549
86413995 73618795
72300853 93770909
100967480 66885906
193588985 90666112
35521324 166837805
88445435 140566940
49895537 52111683
122931471 26101965
66673790 139703701
198286678 26438618
92768314 126275369
192643167 40909112
47512602 181989948
159168827 107681765
165692893 37608523
86562677 52106888
111227318 158863530
198394160 12194798
25749436 191983144
155377273 113787123
11337310 43822708
54354062 61232848
148450754 29801895
139851176 15124543
22021958 138137853
94079524 114790273
116929584 86722690
8215747 16958548
121229000 19900936
124640314 86921893
57509459 11202990
191545144 168736778
170066520 189939303
33447938 48332318
34438809 188825211
162119441 45776119
85164281 68989866
159525330 33615034
151308124 99376505
101255940 173330083
90030721 195335465
140636718 6960304
82058154 148852465
23918853 3287154
21269764 148559167
142725410 78779223
159762157 134270553
100032363 182345039
124209855 133480301
30677357 11165026
174821875 45313160
56941146 59986155
166819389 68982838
93601190 118127513
168359344 47373492
91457595 58390064
42708956 32094312
117866731 124767111
33463139 141785584
180570628 107249266
90344750 123296037
38544852 102623269
110082952 138577215
84968308 86809169
124573879 168162028
97974196 151912116
65991550 7431704
11898270 32810939
76414542 158015823
150938452 97290248
5389315 94912409
155680312 100614634
179523084 73547043
77898107 65502585
67848989 58468734
172751852 158193740
34281133 11296703
113333371 196880448
2390280 50818041
83689617 126964159
71496431 181663813
131392637 137487982
189095517 143290908
22815283 118026421
153823093 26270097
15316669 11728770
121182506 23513343
112343405 100705589
97060386 190241512
18724536 17425738
101226609 191476388
28135840 188024105
55289453 141469211
184904553 57679734
192287253 68594169
37160255 116300046
102774344 168552893
106304390 144386223
164360163 129119673
62412643 170699618
155389770 77729312
34944751 129088638
101242656 147288156
82310589 50819404
190046030 101035126
68245142 143789001
145027876 96380982
184329469 317329
90366556 169234021
57997063 135170171
90344552 147673681
51470216 45635258
116226573 157774607
190021481 133103098
86894279 104950486
103802716 94800412
182679799 191263830
23889049 136438817
138551985 158716002
187258221 181114377
59751127 108019726
177419741 4779002
56917070 161749209
5096331 147283626
183499592 115609757
82453796 126360506
63283438 186440376
171995764 32026373
144214982 14533606
17645834 83625623
119484092 173964913
30942397 154680253
165228742 107347810
91119069 156297089
66063811 78377290
189927828 125814938
38913378 167347568
183110303 95830448
181613139 40722997
43114074 165112730
156332754 178084233
91473235 72132554
164524608 115985361
156675291 161255952
130518967 174321125
97397938 102519422
148286037 128340335
57199674 166031141
35688144 835106
122328229 101751955
79212396 112256056
80083255 170642137
132119987 63193558
66472584 113733125
103916555 162103021
131362218 112765671
192703617 75351815
37414588 157228224
43853539 194089879
171000539 26888868
20927365 68398476
129408290 21729764
196738811 39124327
187760905 84943318
39959433 110089133
39211635 171688192
74861551 119294891
142330328 59497900
35004811 61319274
173231026 191437729
23422295 157109606
104203399 16125911
32461420 194134350
25870497 76314959
188224228 196871036
103203828 9151592
117785874 85128480
83397719 167041048
124252807 71158623
51984365 164212240
33764118 91196000
135900431 161142033
63007253 130747121
20639932 98012064
192066396 46387320
141966155 68005053
3496925 98685917
84130964 88474709
92820266 162517824
17306030 133560857
11905222 120509858
195228812 129691096
58154701 78626531
96732143 182407508
149785154 1232870
199136111 183549273
92428871 187552904
197207668 7952486
118300025 17847599
158480914 162882783
64234920 100447068
30887835 120248208
199132985 167535162
8722916 91953251
130052985 78545310
78030470 141958207
51571530 73259281
124165666 109726231
151885812 73414171
144650102 101670966
74647042 143786212
137736601 19592275
183855478 134944268
27544761 102155502
5308229 186025675
117554647 122059512
86472743 148442482
42307720 138122090
115977643 103546999
82591703 98546991
182092309 160622173
93021560 33663839
33881454 69703588
143390070 185767266
143117760 88040171
139954594 17764801
84342745 130207557
37357076 68198223
117668187 64901837
22870087 122976417
50927512 192941098
45035928 189916618
141383579 139860011
128038707 109877585
43407010 10630410
60940938 78015681
23768945 153962498
111679520 57650399
23666086 107585953
95934028 19300208
48142486 88404984
37065009 185001595
18612541 126938448
105716180 188797091
191840285 181102630
111773507 95284159
174043727 9325798
137717139 115427306
1702171 118272209
77821253 97625544
128902619 138762191
175641226 5187926
145241051 139837108
62838326 21423499
99939423 11288716
40723707 598272
99693700 130305079
185599867 118306241
57243526 91316046
107103332 101600174
72418675 71393201
49400695 46462402
133235362 187117835
14406070 134937534
105390043 144743686
85079440 86809024
83505876 113237028
91996950 81263289
53074136 7351638
102686789 5529921
18640354 195926859
6128193 118334055
126231938 191728060
36640295 35991826
83044105 196259990
137592000 7979143
120169554 186992696
106957908 105921278
26626892 173880341
93375174 132016935
118624026 178454615
71342321 54646264
91691642 163339271
135909553 197282141
170690910 91112704
2812062 189331264
139555926 8940255
107665318 118304226
668315 196821977
6812414 136228783
45598328 144404415
196724289 18284244
183913473 103682196
124205523 63056727
130078899 17580696
47590024 48702924
48551673 118932345
155865551 140243316
134787978 144291467
190041819 105478887
87920533 192853881
147326514 27476458
1794136 107508194
198297047 54978814
156846533 5109461
43723959 54961224
2030238 40448248
73245468 38460073
196646807 197450991
101516800 126725706
67548050 149106824
175428630 116099723
68039168 131294181
108859401 55343508
75585647 98901220
160822396 163506180
144271463 160665272
43499001 198581962
120689828 41796047
53560775 77536361
99421871 97284735
132497585 101452109
137732983 5743052
139912182 134379789
55710406 41428981
113621857 175774819
43052167 89050487
144390904 163607698
72861030 53250305
18951206 963039
4667887 32289964
16985581 1455712
192955236 113000945
37674 113645063
154796993 106114812
43697786 106735226
3399546 176195371
8187335 193648892
34454786 615879
180545044 90165192
94561224 94166900
118456373 137613391
35733749 62847276
101221089 161111142
168613944 172688658
162074181 173281831
4978621 31576125
27253906 50450219
144577070 27291580
164095282 151890425
133406392 60309431
58625651 189322302
36504801 119329349
182971193 123475950
119945228 16032598
66157504 14506451
162715862 184613877
4636205 198449611
47461153 158373657
12077115 16075096
131062314 174151296
41873290 136040935
58243783 69127196
186491154 2820853
148935139 3102797
154711278 134857893
63412228 65853291
124180194 152433393
185182640 159667750
75909342 105127868
175700348 142066847
172150682 138416209
179197086 176786887
189382183 26658238
135160543 1459297
95249698 66222856
28126955 137122988
54780153 86370739
58766546 41271306
141707955 7701684
96890467 96419232
142559577 12819057
14788886 119256134
165252450 199971526
78923883 93678155
105099393 107140593
88261364 77250075
98073165 67458449
106553324 139971710
146633051 41713867
141431007 41882748
107936723 22074324
179005736 15233239
160961426 90288644
109020908 102669380
97990328 5911374
51604975 93066267
71246795 66393861
12322400 89015607
66365386 143762646
182693762 23981142
50903239 123471488
101231217 148976404
190929938 7784540
88948113 137562988
102014770 82895482
179445736 62467856
157486169 10967833
77701095 118447595
101256477 186722003
21116974 51763167
45149740 72721949
197345797 116396535
139115810 9668197
5412141 5481196
153430843 40622266
29462338 56850444
164093754 183209918
58343210 155023691
43510820 199807686
145103041 145525591
82703167 177065139
60509809 40189336
188032972 138210904
11153293 141805811
124932906 32270267
46085340 22599008
104992217 43431137
138995543 96624389
105615697 196924048
154621948 59046539
37546313 36600648
168413347 1640066
72326928 26756556
9180120 115837749
26564242 154283161
113879702 161783772
131348300 174389511
54489470 171897634
112600414 65642763
166219808 90049682
97913031 12305147
165165054 55421610
55736284 104160596
4562361 161351981
153601006 159184310
72914883 191147319
195784958 93844592
192787386 120628249
120601148 54483868
36465997 199681753
8767028 2862061
161465525 192631691
177251572 68471357
164529325 142368348
134114121 183265495
84934392 84543514
195570642 102615808
139965124 103823289
59292767 144527485
65175269 12893772
156228157 190606515
4041091 4529477
84451106 49344839
125157726 57568617
103828707 14140085
57250369 165112098
17002146 71232256
157743789 46770080
139703614 174789476
189138428 73817734
158054970 126589182
158361248 6141973
29204990 150842734
109965262 88497757
95370218 27656894
101391529 104114738
18263408 157948983
108644215 155230878
59810184 33801940
12799494 163638891
47942025 122566226
181267352 64944171
193798483 139011140
164230614 133502096
166316978 5885403
59836192 176888310
132474585 18197439
183030283 14195937
21556535 92995545
155210057 116926753
173168802 109117949
73557853 191432210
67066931 182202068
199179450 179393479
68520370 11978943
143032369 116462395
134545170 176816083
33922928 180860015
168343585 50669904
114362110 134660562
56555307 174198302
164065234 189029893
44912103 147095517
55742192 66468638
92607424 10952249
35911753 65776225
120070198 109469607
109724797 39653491
144188037 108904247
19046969 12708407
173399553 14595701
181687165 160461085
191411784 68126456
141321099 12271731
118796360 108199571
199448656 175351668
82397872 163513890
16897922 179826338
163125769 72640114
46294975 55733192
136108726 134723092
174025780 56178923
44192698 136266939
148348778 40897097
97687548 19912109
53605504 71087101
34507810 87809032
31548185 78435957
8451850 25385647
90707688 127248210
133585218 90156343
155116240 68499453
106186595 172014162
48325790 69312363
97170639 147137129
177561918 33279364
81860220 151587697
141974651 178569281
140370999 90323428
19466377 38058546
110235537 125588245
109145647 197259711
65913639 193210196
75695667 74365489
71112205 18919717
54130061 4697422
161592423 9246301
73196875 67779018
33776825 174039029
189607744 130947464
121176157 167169662
16743191 55552739
171273721 158717842
34122019 111644719
101557632 106104759
149703266 11793168
31693003 111365275
61569241 150123005
157091833 189781271
24488493 28204037
8700987 131134918
32901460 22809773
140381219 158614698
143105154 26674406
132653726 132712897
10138233 106346245
99882558 26881424
161898984 123672642
38115628 48537365
35317360 139673260
154642125 37536988
3982790 38851490
148902264 118068395
188974496 158510459
107849665 65979351
186714497 116550653
197114269 72132319
191876789 190011850
83263379 134981942
16686256 68433468
67694838 26824489
174779713 20093759
106222276 189195060
143766401 196854267
37732424 179083761
189043889 192374549
69137112 45543041
31226039 18039375
163611436 72716897
29066196 71461101
138696248 15780692
40528116 135810517
87913011 32404904
125822366 23692753
167386846 195024985
92126221 87598046
74365836 66905933
107691805 180588112
56100992 51458205
29958740 146349780
83058329 19002628
138724328 152195441
64545670 22466729
22751178 28157105
95183626 51817374
99618206 33879874
67598067 140146322
22206753 8027440
172551226 545481
31720193 192454434
195570467 123846414
80052480 69936302
43268710 187744285
103040777 151886065
91718853 132999517
98235844 174777182
152002146 89476535
126972622 16547815
111943264 2240162
44704920 59643253
54057536 196839490
93523127 174171966
136985811 168246243
34715769 162053400
168791724 118952325
7024195 164362190
95315102 87076675
34298492 138583812
127337323 137339269
142986239 19056175
122855148 93738446
46349719 74857293
183214981 25838703
91405108 147674607
28078865 188626392
7317859 134652764
185465881 153357349
161341093 174968054
121603591 196056862
189537816 90395315
115009186 196562012
107273867 10324287
136155049 194088722
1424461 116008734
183944353 144410701
135064909 106799501
38149146 33930990
181656794 73880489
59769693 125578265
21555095 140364921
166721019 81389318
75017685 4703261
34746666 36358777
179671315 156350258
84932001 21725493
99261935 199941187
70803867 59052164
62781837 6958915
53140886 64206298
122967650 89601601
61133361 110548921
196401102 151798870
144479912 30574258
25679358 56765967
8668885 99750817
197130889 175389904
181140135 124664936
180093165 15886800
161023713 12280841
24753420 98472076
34006334 176531718
98413262 104810201
35583882 13711461
164285480 141241131
77917760 139769492
30842731 191567484
50318412 27243833
143366354 47314686
110334454 21562074
156597017 119003339
121312891 6244267
94393242 154969388
130909203 127002769
23372551 144449278
139283610 48125971
42921353 173289945
77174052 141334615
78100145 112757934
7562439 42385624
53999064 137996562
34671478 84841795
129564045 84989891
164601991 125446761
184820940 127452807
147008836 193934319
46456145 120838089
178585 193365750
128323840 131087788
120368518 151696391
75537065 59652128
52338724 118458418
85458435 129512776
112309396 163558580
42270709 119871835
58460567 148786136
110384759 93132045
86144294 39948803
30638298 103262647
17911927 67975601
30715454 17437125
61909919 129687962
190791577 62088505
175570075 119115416
45692655 148454955
123328169 121229721
8107082 175666894
92204501 93565517
105179669 4513896
109640460 199966742
176902094 20617389
1269239 87286852
166265797 139929896
179752019 49420458
43192543 197663946
117396059 126424360
15101070 31822340
108628684 5892646
146427208 84198758
177524426 192119864
32653713 100852594
113349584 93277158
129035850 5554084
39359038 86731882
62584344 1515860
86698623 92002800
74649612 140484225
31806015 40915408
80414121 64074396
142852229 176123027
61738341 112764650
102547386 129355774
144586991 63692432
187764783 91014198
147891191 165289208
83134061 33061266
118658165 49000007
126338424 47694014
107070455 18213824
134425896 22171161
19729684 73640881
166690324 94379296
14125106 198496339
187811068 147055590
62570734 130663296
123178616 176825438
43427946 78242364
158697574 40531299
141934796 146462357
184061860 142342349
164267927 67195921
27919977 82926091
168712291 154258402
130620106 128299108
24988588 117562364
150470269 97234636
191203246 117160593
191613932 57844714
168173294 31941361
4900303 30744028
15121020 180595282
60085828 111065329
111354008 18783402
151596628 105805166
17762121 135658487
48147515 182030048
55370770 76067492
64956139 76599424
82842256 48092607
4898531 160347208
165654971 155368801
57581843 156858216
125045756 101712137
14702929 93219049
133653499 72119595
176479440 1290881
105231239 36565268
112356210 16585246
107865033 63952837
174906776 125627154
52127686 75570653
107657201 160014820
4154507 25129702
36614243 86996764
73222309 41512774
99860334 38877280
49397937 157442177
48251858 174443693
59154313 115471151
120179105 45324174
40107108 96658544
46615055 145338348
185740175 158971265
14439956 93605207
75440464 189346732
71748723 180084514
64917384 179405925
140099333 69071892
57051989 29229938
8585018 130274299
70742712 108445352
21667941 172657013
65887528 122436162
199617068 125041841
37907312 119796172
22882378 78014421
68971079 69497433
75869131 54711253
28468698 90309087
832823 156425525
79655819 72581546
136510038 197089566
104503833 129125733
66161457 161555823
158355671 127262838
144346484 81614746
35708189 18530787
54271758 101595717
140966949 106405188
79153921 178874262
26201360 154552662
109405045 95172439
24050094 185274176
2400054 105035155
128099625 55749240
61460680 60271806
128330787 50487080
57361372 85350982
179612814 176039192
99423167 137968484
103302030 96286013
19583229 139010219
114816800 126371350
93122299 55783749
32776538 24792582
34658010 58977898
179345244 196579418
6666699 55911700
34369955 61583116
160946856 162469580
117332357 74923898
22741386 98179506
125410978 132619121
36046850 105023791
108658312 135470018
42992275 64476704
84272393 115091867
56003286 199089194
41463217 1641947
54872942 74239755
78950892 142047315
185734016 58296135
138626732 44917077
166724198 25513049
106500193 127671053
187982629 23832549
2594950 63240377
174528418 180522292
195859498 10575268
85546082 157034173
198561649 181054720
74027239 82834041
96146587 130030525
81923234 137609804
131672472 189312539
64365921 10623363
183876216 102616299
121435861 175019310
147533376 88160059
532358 54033568
68347474 188514988
130382481 123458788
104271727 157427261
103981079 100131225
168002529 42043523
109681760 19080539
23098243 183708999
101914581 171761193
113739524 36354177
161887359 97928358
78183079 26253279
161068085 62059294
128869578 82503945
37078604 128919316
23180366 90127325
182952884 91527841
131158675 165851727
67502991 35430402
123278988 24000432
188077990 143797879
66043955 97759749
162878419 141658561
133985110 117309362
113419753 100240996
153663539 75307111
50685717 84362980
154076753 11753801
146422275 135462693
94257746 36017241
64382008 169954476
126144566 99851255
113998679 57303241
118219344 181501670
145250006 41498331
5502101 133327995
37812573 124062419
83604106 690991
65720980 70105578
118000353 179140733
170346575 124180254
106964207 73548654
8543234 113557322
85302455 7481871
49020015 32076563
96015475 165918386
2031038 22160040
65769640 116029717
131979644 183988985
97531386 129746012
78003678 155549850
63074006 115816251
132128632 199194475
169023605 197849612
69300053 139540320
29506706 92162990
63720574 188987276
165711644 124780171
102544598 103530461
184778405 151564613
135607024 80793879
169999361 137638063
155470282 35769001
53667779 87449926
72274348 3715528
69712300 2794388
11781740 132786307
171127003 143910372
184497144 140150607
194276346 106313559
132207290 23783052
50992911 48444226
12770327 16704554
173224397 167831288
120235015 158002801
171912263 108358402
91313042 141911624
45996464 46783323
30196987 99664243
186749612 102471335
155896134 56461912
105265723 167677875
41764581 128909088
164104609 26261724
69059695 158380955
132575284 1266984
34680369 183568195
49711210 99967059
52789112 75451969
67798347 25540489
85971132 39710609
133898891 177284174
181622233 32411717
24067496 11819219
184592324 10817108
166806917 140488457
119795383 124589003
160682694 161559964
53498090 124787303
187821688 175074148
135684620 172913334
28857494 170364989
8997891 78568704
70332047 114303366
6537035 190646757
139843855 145024530
30357366 126259109
122308703 64495961
11187188 198892563
128831544 195779512
62226033 148154823
136267969 182021416
72743825 149467025
143581379 178758279
74254327 183919429
153832426 62455309
156832763 182689921
32820297 165830654
113774987 155668708
80134019 172828386
146315464 72494236
117852915 29189192
51269707 40161618
146201517 62456896
91570543 127549423
110752770 6312938
75704245 47020738
188334354 964433
196487764 184432095
179722712 123258453
168351523 186071500
185713763 125184285
168761420 71050422
143531301 135052770
26719129 76181682
107881155 25550956
1192281 25734069
54740148 104978351
118412050 53458027
19951609 62498955
181007450 130704380
68811893 109228058
30241480 57146246
110192491 79245606
94094703 142431565
55020422 62446226
128503064 40734184
40146873 149780847
164300969 36194537
84833616 191020099
112376219 45231133
69087417 166084863
123481565 123827565
71063214 41893615
29801955 143531186
156908933 10809404
74235565 25720826
120037462 156993409
135383435 82746315
36239014 29478138
25177879 91259436
91924364 6197306
184509983 184587600
155978153 1327314
20782136 40811768
192347413 133158356
86042901 61434829
151759581 62040828
37778756 75339157
103934443 120097074
18870343 113359739
183422842 145622271
139080565 155976666
102615679 74463999
38722981 191371057
156458500 116417223
135146855 100899226
122614529 172173201
85486826 78592681
173500515 106268962
171920812 18364289
91943680 110480075
132315481 43703261
172520904 22610599
119042418 128971709
142707674 137912761
42331447 126130515
83535032 181412012
82107180 38667073
108392374 173346524
82554492 64850873
89763747 70217710
165750100 12378275
42390910 51236925
143487320 15891424
10022249 115408131
86772076 101965930
25888206 19087556
145669191 198409110
41698155 64711608
127380818 36922191
55140732 169712266
163052706 191192127
3640639 97676249
82375562 112033013
71022772 164930055
29400249 160786519
35147764 47666711
25681157 77538674
151419999 169168477
145946461 161442248
84576607 85234899
63408177 162981176
104322455 61593730
161390285 198536973
126305339 141287466
35459164 33962433
163516094 51028232
25154559 167156733
148704481 107530121
131706109 19727253
124976538 13622720
33030134 160124302
61289431 58711291
90179338 12709429
80396130 88642161
26668039 17489100
173877060 142592580
180470276 130715877
4186309 194376924
129252850 183008011
135664389 164712014
69486806 99180482
15740245 94641365
118853577 16961089
54687849 50559685
36688342 179664387
64182405 122234839
139788689 125471836
33462493 82484389
190697628 113858623
171126551 69882030
131347723 197519973
12474609 164334362
128235850 69177281
158711285 57488699
104701655 146892036
74717075 174188461
46072517 142973683
68829826 164926094
159934772 176034038
68002142 49139476
155698424 132184547
171374316 148003475
110172746 4836808
30487864 153386736
171211794 54130777
23268765 155075880
51650749 88259737
119410241 32402961
9953381 130637888
89891660 114655036
77529923 17125097
88843496 176118803
12615143 10189684
193561259 172549915
38740084 61563400
74205754 194438509
46264310 45580069
142441983 156437056
102933240 25446209
162340154 126661396
79576986 185608920
81737275 183744099
126385019 53663878
16147059 136338400
36818128 158555083
103509798 166864414
175680180 44869657
142983216 188295323
55059341 136544475
13361600 93799426
50624237 87567354
140754297 96888547
185663786 135712642
105841965 88597025
161158852 68182119
67774783 40735837
106307401 149512059
76996298 32692419
55692299 93143358
21547182 92510428
51698440 125056980
59374841 79894982
169926637 54874420
68190305 77502341
43935257 134068268
23818129 147075857
21635621 164572426
43964404 59815769
100285067 2322731
929156 113960281
70504850 68703939
7212481 29328613
70732360 84208779
114537396 126424660
177352137 136084578
71451450 29050576
113657920 183342654
108945559 83584557
38217073 29652226
13603260 134668693
16236856 37421389
81744550 37872477
54510177 178225317
150204609 7311606
180548048 151133765
121271888 103569261
19837703 128484369
132897874 90570064
12693147 99951632
69511086 42561647
36036209 140962536
124128586 2210492
124305189 85590507
138311412 15038625
167759096 151914672
2223680 183995952
41852423 83968230
21868428 148878963
62193546 24589399
156190569 95257957
175723164 77462456
198827218 195560868
58463187 184241454
138647294 123672698
84193086 8158379
166234345 172745658
1637277 142879293
174956150 178458829
28469800 113267561
46013816 196228896
117698595 48237497
180224848 159551018
132205727 54609638
108429980 46915636
79199038 117136912
142173593 54922201
47115730 141000810
102999431 105578918
177758626 94163087
81767978 61951711
154837829 100518685
87213732 156475106
43397977 62169881
187450298 71867777
27953805 33464113
120613036 198168763
81701610 153354246
10236143 66423700
7963883 118666123
113339336 139679284
88319397 55512928
47117848 135435128
49030100 150117279
93530408 26788725
96796729 27814748
141256800 51634557
128333433 28470531
8109663 171731410
143156775 195559961
96115550 23626942
81540436 69244948
21795705 15758409
22599193 32031848
82182109 30563076
3214333 48037807
22758723 91533731
103550735 69876571
79485221 5097197
72510212 25531991
31885922 169306941
53346739 25659084
20941498 181680172
54129615 29051161
5927943 49802753
77127484 154559856
73429695 11184282
23804803 95225400
26942691 46403996
127257248 161641163
129483436 130471582
9678969 152242159
74521675 113229704
22118729 154006896
170843264 94628941
32055249 2729186
63935882 85401988
80904633 137393743
119598522 135034249
18961266 125526465
184837002 96088750
132602684 110783059
159789395 156407487
6008459 186732087
55327846 185782070
148373249 184811282
116253651 10568581
189569803 43291688
123798285 64204894
49814946 147157912
11350197 81870195
2403460 127802442
167272183 83308093
65196184 86870704
18342341 84157450
64913532 55695705
32762562 197516216
166478765 192551958
6440064 25003586
31800406 114284273
10785655 32690017
99095554 179555670
43258598 141181719
22847357 19573246
5386612 72662304
166731158 69253173
154532499 169134618
197055615 174321045
52442710 62251799
113708111 123301415
198925612 178621643
31513482 31688174
28654220 197992247
76756494 87610648
75512195 161073263
1894920 86297851
193763280 153506838
65853520 37021878
94688556 141217240
56595124 152591532
13879543 75842644
74361067 20928405
44977261 71416681
195249450 149936334
186184843 108957560
125754111 185110455
140095566 157267594
69314991 21266148
7776202 198587848
108876796 83288398
159661110 110771717
169586249 153424389
116794917 87956131
42962629 63999835
29173370 152074116
16591366 95569277
27916759 90952433
116497682 125410383
14885477 164263494
127863080 1070319
73221053 53617190
38697136 65832981
10884783 160528490
87099130 71177349
159116337 195975926
154465747 118777446
159264005 176568358
124718198 76058921
64524488 167680827
140058757 146214221
119754943 9166485
41783497 188064
152635282 158281179
125598448 167520759
122544672 105977890
21107440 48282088
159595080 112320940
166631432 22996226
72849429 53730561
94173575 31965766
102222850 48639321
3259574 114003217
77724041 127977772
190062139 142248529
95658599 182637258
88462749 67929904
44320105 182762610
68117968 196955387
193560151 46232778
16992507 168621186
152210668 90616311
16903273 164322111
2937250 36051067
187318337 75786679
89781629 134008274
160268808 44520841
35163957 163528383
158524058 112887998
91506154 1102558
107652889 39681115
183739816 48632000
107611019 28059921
31394609 28245350
77531670 24954760
74478128 147040541
193575946 79205159
37656851 62995581
96043632 93110464
99046648 135878331
21413505 41344639
69886604 181682314
85865480 105050561
145210696 44389538
17938558 89233212
45492096 178107810
128914328 81748275
26739809 36525346
162324559 58134419
64770696 39856228
135605542 191765188
39413131 129181487
70970346 129586345
44693430 19530340
22696808 143740078
155408671 96626677
37601080 25295274
78308990 123466560
182862198 76036048
20372460 53317118
165269260 65864557
31424927 146699950
147612832 58164736
183225297 109937390
116299155 100512355
2309980 51904696
92277542 94239475
33602545 15764250
23825819 78295975
35294590 99038991
74552416 190703261
48182030 112153496
15998534 126491020
35620055 51377094
55043430 55992516
104694212 72829052
174373436 136119139
19529002 174502630
194283876 2754298
136956382 163099393
155783016 191782725
67520452 48060558
86022199 101122997
116341171 162364382
31935335 151635762
113919735 106487751
142339022 162101765
71157609 10853919
141109147 159294027
62231013 196152577
67802905 166925226
68981628 42176340
155560727 88510630
16678969 149844602
143781291 6151713
112943995 152080670
197934439 32980809
141227 83956637
186620169 116482398
98837381 18555503
120634522 12757115
177559617 115489907
174858880 101233588
126343826 115968026
60527615 41091201
164636965 128330520
60532789 86134956
23023223 16093516
27161948 39702192
18454480 170943240
45853906 183914838
123023909 96304707
16895646 175681499
32777706 3515815
144680259 131615088
74587681 65314781
144372203 52147298
180804688 171747446
153380886 159664876
140231834 66424863
53272439 157385162
194755384 166321592
43520117 17778606
34931470 70682065
109997161 53385950
94141667 8367429
89817151 69681938
104672136 106712797
45363436 137449843
162744975 42560058
121581293 37332656
160391202 118469858
141996317 141195889
142733666 147893565
153377127 82965500
14318428 59165928
40350661 9073811
78003882 83870778
79368780 112935352
7069205 41882303
18837665 101210873
50249733 108654816
170892811 7438231
15367612 16256247
197404437 30628950
111332668 118985729
67961606 71723869
37455587 9957922
65436120 180189253
157851487 71329609
115671115 172169915
130495537 8538138
33760088 61015782
144925279 165645231
173951134 151994485
7527534 45305161
53205357 110293630
153959977 24098167
117731861 21843952
92870777 115136298
52472902 4203444
34122026 120434508
128443676 124093976
182908793 193879796
104283229 140760279
65209404 72470706
165446557 48221304
81008845 51723007
109237086 25934123
17368238 135704582
30444970 77412135
181009744 83650327
187705765 187486083
160264858 105437625
9330034 105651997
73090285 114319299
109855442 107212312
34753806 90815480
83822650 70178961
84695276 40622241
10939240 2421042
113092948 28902159
50642346 46618155
80625166 12395794
125068641 150509767
148100377 155513612
27921901 181626483
91680301 68144028
169112565 51945158
173581654 30958962
157597156 46671938
145278261 119968960
6400612 32548430
10784439 90223263
102727391 147996078
130845504 166182994
150417121 96454814
195085153 53575829
143072969 128226682
65971624 68141610
131252811 66588363
76171584 11691075
48214845 167851885
79835103 69843772
72313406 105933119
100802734 29910561
5121420 46080995
2395883 11522032
78629425 65696685
154261658 181356816
13692763 137623525
56172 164109884
34078338 195141325
0 0
