1229667676 575884371
736173702 750325646
1307137186 1802762070
1226497232 1918828264
1703493277 46865473
851179724 625853407
319178880 1557112847
1926656147 1605802
1962234269 1425253502
1004001690 1626272662
956399287 1269698377
833050679 790272465
1883391143 1970674209
790328637 1100017385
1857268909 37986320
570219457 939452937
613870692 1306393160
1689778583 1921007878
961671582 768792167
1692352494 517681212
815657641 396048570
1143534619 1134836521
1953161417 922707118
1136442324 1767912038
200476973 140444013
1246701053 1156876260
1262658743 79751731
1947148725 998566238
1902942293 589993714
98583622 1612727554
627980035 521319433
404696844 1241850727
1827712593 94475426
1015374957 641900527
715783947 560243803
1159581739 1531441588
956292373 155632710
518794461 761970143
1078339829 1655236785
382398533 1278816802
1648197152 1629099586
288209414 763372247
1561367670 87874492
1761938486 1316826315
677868206 1713038461
782070222 1305848241
86874246 1186767066
400215320 1914586839
1133758845 1415590277
409003719 1849542792
1975834080 1568585458
1233500732 784642806
1724218169 1752295194
1546612949 655074350
1260048331 1929011482
1933891152 760761835
1410627421 74616918
1524134083 824511443
162491410 1138588921
141337758 840359617
704143734 775924333
146207857 791017981
1962691399 398939531
558121172 948966596
1814529808 967124891
651025741 1642880241
388226702 1884526473
280039399 112444870
1489338019 1826652348
620035573 601902703
1608180182 406443077
1362664538 871323955
481059995 739314973
1695835399 643551406
1877903894 1689689510
1483911023 434563981
318130195 1482635233
1225581962 133337946
1881574764 1783703134
1082304542 1548620925
603344378 1733330283
1044017518 991571080
1470373109 1324056917
956532303 812227480
1003225617 1576567876
1414130183 463922151
1983010953 629311074
1335246107 316587300
1368626047 883597858
960138706 1099046294
425803720 296566081
1533610275 743933915
1779201315 611708589
877271861 1513292431
247928075 1959576403
914429708 851272453
1545423039 1958447226
1842843533 868312500
1135020495 651892188
1680539980 138246111
80976416 947186516
454684616 63987368
1576497590 1789930723
233091022 797639989
526044933 1193229728
1896686283 951848653
1489795810 1282812910
1695782568 1121513477
1894521499 425570781
487322260 142449574
237663536 1401751969
846238380 1783086575
1212715547 541598266
503915427 200252395
1193490454 36971760
191014859 1274466871
984158276 645699475
1190970592 413172218
288146550 1424061614
1210812207 814191483
469807695 960014843
1766040136 1959603505
95344105 1314339056
933633334 1989865605
1739909837 1420955594
1984831532 1977573374
675223915 683586264
1613176301 1887939463
1225184530 117091728
88191857 271191337
6579841 131723069
1545658208 990738117
777422545 589145152
1403910335 1065569095
13206766 467238894
1879760579 335530814
1427253737 1498317067
147650671 1522597843
665172476 1081284005
1364979800 257598665
354755951 1202327684
87688391 1029979867
1885913948 1700864693
770435682 963614831
1670472774 711143892
1234806168 1677052615
842866961 632980728
520307084 1620289506
1222125880 1924217419
538374954 1087848999
243972665 270651885
1423379813 1671226403
1768968952 1571030484
1046340598 286657780
504830841 263836750
544256446 859586793
1466164434 631944837
1889566660 1204594734
185325882 512518694
20725917 1855798656
1223662586 1255532085
1385367623 66529546
1888512813 1905674707
1539335406 963155046
1682408478 77710359
51004044 1926381144
200878597 1326900211
1450123899 1969847549
750447047 348980849
109021682 1255277889
612817599 653278128
114864681 78982032
1285222965 1856947694
1136093119 1470548848
221982740 1156819037
1178863856 1445645326
264867474 416747832
1364691225 5896640
174938891 756542983
969051686 1857347370
686769695 872572083
1636244866 887648292
51988646 938885117
710012194 802435694
1287865966 819033876
57713582 1900683565
1472312004 25094616
1832181950 610051321
1734558663 820791421
80600168 1956541403
1977610458 1111980378
1254703081 94994285
1528728210 471910658
100890925 1703667101
1228453642 1069942611
1413530823 1915223337
1942514694 902292041
655387982 1994503341
1841177158 1365400176
649455387 981559476
36950404 559685322
734759393 1509262408
437296291 419457695
119313728 24371306
1240249117 52430250
1980912709 1070375927
1016926981 1088132142
1165370212 398171543
1560042800 1266261137
101838643 641012794
188720100 1367885820
408752484 131234794
122694213 1064140466
1978254488 1963871372
282056994 480226227
797947200 319007398
1039911549 1532706594
1828269806 1477207840
1952164289 1800099887
1501579146 1044929758
1705046490 1335008207
115305685 574489823
275656701 1133192250
972661366 1835699501
251969740 927016363
329228648 440689840
147418535 737981132
424440987 270112748
1802121598 255211827
86500472 84178591
735438054 884447673
255702342 1775349603
269670619 83972147
1105073795 74351260
1736588387 459169293
1119281019 1294151230
1794177500 1087103057
1868641053 69834200
72811659 693818772
1758050055 324781399
1620835135 87278702
765471240 1768253670
677776187 1189912227
38366417 332414137
1445124055 124866890
269109081 33078461
861830916 524811423
1808428065 1131501535
461299923 766018212
1205852795 50404662
1225187506 177650166
1344555892 871881358
1264753223 1065713298
794231912 1337564883
1759532070 404798319
1662346282 1232883557
344593374 280333874
853653579 1022369561
1470246102 744536349
1354783698 767886509
721919592 1623892779
800964970 1583750508
1220554 461909387
567768395 462520477
1227927600 1773621191
512925139 305631458
1951271357 1857481032
1177512816 1068540933
775710682 1971744728
258622168 387759104
229059399 1920968450
1620642661 573652773
53818677 326812592
1596022334 1524064779
1071348941 803322384
144467640 1793268534
279731515 945432610
1229535394 280952069
1407341998 1797303790
743472546 487785950
1423441333 1256397686
793417408 1227229042
966395070 1970930224
148286327 1742105752
1795191305 406908495
129864855 24250703
180393298 1603023869
450419830 234211975
1929836461 46442163
1758276754 853701754
702280901 1902744394
499486640 982012416
700693356 1729022035
1262964486 108035353
1378842177 6437031
448337656 654799862
1115351070 1241755064
1882028904 81746139
1065201641 30315231
1676368244 712909298
289740079 1658749452
589676354 470133377
1114289673 1040096184
704345352 896642486
939054701 315138458
1750344241 1641335602
70399204 102347233
475864370 771092561
1831369268 1738828856
731644267 1062727797
1597782241 1179981924
1717527659 565649663
274253340 1452072916
499912156 1339454981
1334904500 28796752
52364278 1624644579
1687546205 494556986
94777956 654352230
1534653170 651639661
1550994717 326224223
966778120 1153855310
1967559825 1037177324
1256202543 295940548
1808269885 940088164
34769403 392430505
2815960 1485067997
1572412429 1572859973
50717660 1846665769
877449241 403146169
1038637103 64870093
431942921 943517734
1689514672 119489125
1438074720 1636808981
626357709 825244243
140964995 29868778
1151468466 1107743115
1183724088 971544644
144920438 292442983
1267485192 1805706677
1232531147 1154770948
50653534 1087863461
492355298 1623065963
513239786 395589311
1322248084 1390689027
798735480 213401539
1455559120 1230678401
1156919274 997590144
1202683880 447510346
486915478 1829041589
1272754589 627880473
1858910367 276739408
1735623588 895150807
1248284052 1733060379
1187593790 368285596
1391283408 272641290
1523056544 1441936942
1360504751 15411841
917519257 1873744537
263517505 92283694
1116949916 1062252985
305685233 425025388
145447739 1462604507
1422615532 1348131619
1910114854 1909531010
1029689560 1035385795
389927835 741116279
1312125203 125551422
1636267086 412925607
1711128155 676377228
781211203 954927915
949018518 156784100
249381210 162039621
24712294 1166900467
35784157 288229800
1259184161 1005250426
1350482785 1564869395
1430275814 1495930524
879990254 705407699
696578495 642621460
467455061 1726268055
1678007256 857382897
319900686 842648811
835450672 1956167772
1255574419 399095179
485061353 36785621
1354023095 1434079871
46086074 1603404305
1596119493 70798369
622821124 1484420003
359028169 1882005286
342186782 1709510954
1299391033 1772462596
1057957831 31897639
330386647 1754536326
674519100 797841709
1333320734 205042708
1655224606 1653221420
1047691519 343191630
1461905545 155782290
742286810 1946966898
45084265 96309904
1233563121 91170339
1552230562 682198966
161968708 27568038
19135322 520996877
1909573324 361322104
83024184 1061480709
133784699 1140982015
1093378349 316687700
748034693 1767897449
1114529409 81355426
1972940157 622270367
1587093200 873148028
965461997 901515097
1028930319 1707748807
700998347 1074014584
1656575064 1934561468
1165184923 1061321978
469276787 1327153632
1088890017 488412109
1848150509 850979693
849734213 1931174693
1912460403 836035265
924673060 858355104
1152722965 1672707754
478768905 119768726
1606579533 304225414
742039093 1046189085
1177373442 1707501091
1947704182 58820113
1267766250 501218881
1132834697 776857667
288296702 150535973
1838179645 757573489
1477689605 779586014
1245985598 1178356466
1630565708 95719810
962047512 1395542463
784271428 1886720572
106413919 1936994394
1411944678 585182824
56763119 871040564
889408238 651318566
1917229649 66781679
211336009 1717450184
125601793 1479102259
71185417 1110952843
108476278 359482119
1261488816 1946655924
1117055608 591694773
578758290 215557558
1770051240 61840350
163793721 584615104
1457382813 948065150
323852028 1563796732
737575896 1735796707
1495908 646855368
459353623 890904146
1298173934 229099624
810202179 1509509943
1946549808 788320325
841128555 17735225
1899273168 949604833
229733697 1013278337
748777109 1346789306
1604973110 1327535400
1562346864 1227540702
1389375750 1726140586
1812155806 699274916
526722088 136007834
115588000 1264297984
1724320894 117083909
1911153352 36190869
1007988055 1061843639
265290493 1818190234
423869934 64356654
459026911 1264998489
82091879 210816432
67119675 164341929
1224094769 815896784
1511131235 681584231
143432183 925994452
1909124934 1385324287
504651390 1573797092
84599202 1031373478
1562321279 52703555
148187814 1139158525
169787464 59341165
1175349394 1177775520
973701157 1440639888
848482106 1397571092
1504996542 1307509018
515085933 1439604774
1518325450 582205608
1603946703 594936571
1398102393 967594291
1276520802 1394050929
1893588743 1038162088
631891568 250756485
464475533 569007123
1282129963 26796811
621710679 1430317777
1018471690 791498143
1342175295 46337436
1969273663 168392805
1486977324 670272122
1565963897 844490218
1977781140 81049829
136611344 1348622942
515771791 1740558048
1943559513 1913874184
560668691 1072596667
1160441465 306773786
110758755 1792333034
557530271 427750641
213856509 1839660234
307063805 835567188
1122494363 1325535495
1627065332 317186010
1371872932 1448855347
485578815 711366608
119127468 51542711
1555856827 1949424961
1985108895 1692468171
1150564255 353397038
1285542571 946640120
119787574 1846211262
19236787 1280229039
5501400 1982511896
925078425 563031671
262778889 1138934935
255208257 569842694
1974502123 1377702620
1895378190 1454083807
1694888631 1119767474
755455507 32983798
1831134082 727099328
84526510 1239507261
529040642 1922151758
784491785 1679604897
128065148 70034355
478761370 247852722
1768761971 350514510
1528081761 1774263371
185542758 305676539
189811395 448321647
1444611474 445019652
1018164341 1271629949
1822722273 766058883
578230109 1370127256
1885826357 1333685616
1403111054 1569476792
60784943 1340153917
661500405 442341938
1114822027 1445992190
121946835 1242887175
1368542899 453224558
1490739897 989821222
803739068 871338011
616600945 989281826
1177014550 806412340
1437603473 474142376
1251431993 308284166
1745772325 926670618
1074343050 176518786
149314226 812685759
1510204402 1552425280
234678903 1423505699
745095550 896179309
1865847637 1859917577
194687851 1840310825
955321105 1563230750
146051735 298577354
405568324 949790803
1169915365 1022169270
1939072629 199446267
1828581610 1229192454
673588643 932529955
1537476621 271877321
1859200573 464336023
448396107 8514798
1277021782 1958600510
1413456432 1511700686
1234622561 11068334
260396347 952986550
1870985911 455084198
645813728 678823368
18314948 791865463
977400723 276399625
1741656267 147316087
1298568895 1533245248
199278708 979666858
614954055 872867351
1912196813 4947028
1144744672 1623913739
469283051 1593140780
1484944890 1746304833
1404257642 750917674
1110521871 491396555
761986008 1370918218
1444383105 485488272
1826002417 90196832
1164311640 1696833718
734578649 141712362
1973233343 328751268
141544803 1124318591
1861996516 193339864
103985448 329466923
1066207215 1868698614
334413951 63468240
1345128705 803697002
1656609020 682589948
402518188 913383014
1433507622 1513040059
1404779569 48009983
736474630 701679026
533498255 414993399
644392212 1697809895
111827116 1378970861
1692038611 1937576812
1707722129 1686099767
914411755 1422234997
1879439631 870913556
1751701921 798163198
592128523 86115871
861631438 1937257228
742329227 370756810
472363528 1144847415
1284139824 1905871151
510403826 541435745
1953881134 1246878456
1243114772 339895741
1661871855 1887506984
37705635 1626215324
1118994197 1582260599
1416308489 679232678
1120876718 183236596
101467674 852832701
1054150153 1705685948
1650995900 1646278676
1644318173 365143690
1436052256 239163752
735900501 1908415785
1384011167 20040324
1666803288 1894414993
413992423 1473200774
993809802 1657107195
1813096515 508198009
1397130531 1703318503
134413333 368641080
1138095455 1403238175
1047873758 111488525
1586474771 1001857785
964321227 493141276
560060086 467833479
139419951 56894611
832977169 1427988561
296058363 1568877670
1188920698 1680069530
1441434348 708240338
1427000875 1855426771
33957464 273327029
1365050318 1847053979
781525039 614697201
1402888834 768454725
983338281 393500641
24209252 31212038
504989167 1610684023
885586176 1469310394
103825299 1445646262
1937143873 95761603
1502540873 622637394
1376266517 1798599236
44031417 417703567
1331185118 1485465765
1125943905 610702346
1193408888 1159901369
884029375 410975558
859471700 1665554414
1025672759 114876887
286525491 9011039
508377528 310734743
1892739431 1013366695
1921418767 630841959
335193441 1877760419
76488221 124853666
1826038375 1431545447
747491061 1054821245
1082661036 791522478
1472524812 266362506
129504595 450985070
877064852 1322913483
1610886439 1761094228
1733889041 322874492
1279164994 612078152
437751379 1565690486
473605544 946128907
1876425229 218861327
1959495603 1650360348
849703286 147205396
1380637119 778707860
272059063 1059191847
62769660 1019550124
114013091 1145430696
1811072602 1439054256
1411793202 1940577197
1890039326 141374407
1116007032 1353442118
1902468635 702412425
1676316610 1034149981
1314490577 114067988
452356819 1788096121
912713248 181298401
6957447 724725203
1831658749 709177086
871930600 1064812221
1487884947 1143989663
124004067 1550654607
16056139 90533511
548601655 1827128741
1382104120 1960394857
1620222290 1124659799
101769263 588745674
330618269 1856754251
1291158099 6934878
743420585 458165028
1973519220 1195777404
98777501 738748820
1377075805 105734948
1463474024 1061250907
667428387 187920976
126063127 7829686
1331910639 102583547
1558484293 1347966778
45633411 107085947
1027611871 1280253884
1919997158 500350513
257430035 1874282774
1089096187 588048304
1583553378 232770638
447499535 179490315
690935666 273535107
1375267719 789713167
1012283928 604859877
747964468 328274304
1666110784 1415392855
516195280 1644690264
1423222542 1848105919
1599790164 834223187
1048589049 1497939928
793825488 76200919
630710164 566338998
429067785 888140200
293138124 1518163972
1476188504 1876691502
1750934610 1923688040
56181816 294386628
49739499 1283965889
1084099795 1062023427
1888825766 1832064263
1390297731 1407452902
1099973470 1906493011
904659518 375712364
1607115282 356966034
1209935552 508220683
1854905962 3761039
436937955 338132478
422616390 866005740
1226272678 715754514
236686064 554977535
444962369 1987620674
331181927 353660538
134523654 380921426
1637626427 1218623449
1442944854 1378968545
903204064 685758937
638937799 3177534
444768301 1543597317
231406251 51883582
1900563351 1441341803
412620619 1607985665
1297619195 849558574
1946118144 1720235585
1715564315 1024907174
288506452 1952250379
1579884709 733468821
1792387406 1911066636
1087129359 1926911060
144504415 577272139
998050862 1587449269
1956240684 1901254926
125724558 447694836
1756948813 570492859
1991292153 1988355065
474892795 1744371857
1282213220 887513414
1204873874 432348768
1737071988 1003508370
5100705 1305152655
28415544 293607157
1109919387 1460816606
1027075978 754823145
1224399595 114205337
534250557 1368904010
543993829 1532301419
808869631 352750865
1286072698 934594189
800445701 895537863
1505087049 644254207
736409280 1979979844
241142416 18622500
720009610 1446016290
303487621 309597950
302041013 308588326
1614750606 182972910
602195484 577186345
1643789516 1629271462
1332009490 720705463
1595993152 1866260047
89609472 139986980
1251077819 750995456
345254199 389666869
1685589646 1145699900
1285204732 1043193047
1789954107 21614012
875689243 31096522
1892752866 1595698853
1329629166 48756839
1905296803 1631670179
357345165 1372563761
1814643089 959540649
1949750106 1310948957
441328464 1134275948
31654420 37321615
853052348 1973780246
29824949 104130166
577292055 227595501
346313388 115398053
1373295401 1631518120
1158591100 1015765861
1505648485 34280342
899378736 1250917703
1482495548 81524254
1299674542 1240308703
1713194433 1657019708
465388817 1380353874
469076709 267655275
543819184 910405173
1401931224 427989957
800243142 107499924
254286555 682584444
64146443 831578610
910179945 410459831
946976663 135991698
41977950 105567762
1151757559 1400142789
1992364458 51136295
503576844 1327376358
132660549 1803251387
420201414 1698371336
1312787447 885590231
931241562 1781864156
1153245506 1475060746
544785682 407693082
1903050703 1345028824
515193006 9853611
27613267 579339449
841432221 790309565
989799280 1788408885
926301263 884293584
1746493000 78058822
136952725 1591373811
1981711471 640529569
771266521 1966888373
296297308 1191467935
1517776061 1609084755
77058165 301533976
1243465264 1082820025
1776594722 1788250946
1490513107 1532161778
985796122 5706113
1542015389 865925742
437561915 235963962
1656235307 1427361196
24372846 435052922
164171132 1623382200
365628097 301123857
1067272363 199855920
941653426 1838538884
19260646 1237950735
882523172 1537036707
699551842 812097690
1838570683 1943017106
1894917715 1467681758
1583784404 1237947175
852359888 422096878
1096169641 246891629
1288022620 1533731556
482855591 796774279
813609104 359744791
1231827202 977780236
1983126991 1597455299
1278904093 902915706
1797311220 73073872
593970942 1816571866
1311024607 1476494114
1206124925 10576448
141108157 897211961
1806109908 36025871
217410071 1242410664
1126489399 1069769959
1664507543 75175392
1316661588 805046515
1608906949 1799517179
1601820795 275032405
11778322 686164349
1252812642 1994905313
136136000 384233087
750337371 1933447220
457306959 1344308314
1602535438 1768331566
673318780 661176716
1631424368 814426937
1558388677 1290050628
702969162 1775798748
384977644 1829458561
698085059 49485186
1904633954 14746646
707048055 1366057255
1666780178 161385202
1641089660 1678558501
847549551 746418654
1525980166 983685551
1130651742 128833890
769649124 1587958701
1473142204 224700914
1208806620 146460983
885877630 692747340
813404274 296782659
1982797968 1516373436
72581406 220291964
1198348349 623182818
122293504 955498655
490445817 829341559
174072262 9742348
990726761 1815161923
1688300849 1838276312
414096929 1066797367
674478215 1544748671
1195631257 1444127339
985223725 521289813
1668828254 46546697
520267150 407222236
739294037 1333671424
704004896 574608357
702561212 629102655
794900321 1900909561
1252285474 917193825
708924569 1742731291
1746535384 882996831
1752473639 589778497
550675106 1293290840
280571161 964772036
212604560 955049377
362037059 1408235817
251693068 1347260784
1929525631 1920521322
1393807481 302309133
180259911 133101517
1635980557 884264807
560226227 191058121
1513367462 1355126549
91967681 618169288
124836726 653408603
213416932 1871372111
1536405435 1965890571
313666960 87080540
1111697764 594238122
904368929 1324302324
1549287499 1266405989
585054493 1800980567
466183125 367096476
1574018242 1859990607
669405609 1754278153
1845608477 157902518
491059312 258351057
348960639 4426773
1613477606 293444674
475112415 1738314332
946853277 688529347
1462202795 335775064
506936270 1775869756
275371958 1618634034
222624230 1179740887
795452710 1771911729
298663228 1380507204
1425408648 764846354
1747603680 851943242
477353313 269525642
458737747 175478142
427428160 949797059
433829199 776388800
806740186 47306804
1069833474 1281852601
1638137490 16686750
1970381948 952856637
204978168 329834570
581242745 480350126
1948468605 803866975
1660091013 596437667
428295056 1958754242
1976944871 1853703705
576116948 1577064904
558163299 1053470261
1846590546 1016901047
1228948403 126535058
1966698106 1662777603
902923858 625954644
1562600760 1972757332
1907807245 1053254602
1841960436 1730705545
6111239 46938603
60540115 439870337
379805082 1861525073
1243737313 39896094
310479092 1672032369
1851166689 139940316
1378252426 279799989
1717005220 1936415726
1333270250 1416112118
805833125 414735006
1542647176 625047583
77512608 298087387
1251002228 1492629721
123361071 1011325825
398400676 1965321507
594547723 257028268
1864776463 507604191
696898605 97097897
221645616 1940635918
136993992 532124708
1465184640 1840677034
672065024 695953418
120477023 241586596
484885496 1306263626
1657698714 1290718621
1720998632 1052862243
1915766205 1651027593
1350949630 1019284785
996173667 1474310701
30610609 1394574343
1292148561 477674685
1651602611 1009441376
985278876 201017568
1106539274 1206924492
141653486 1096049619
1739049201 1459354479
789243005 263630577
7824249 762236381
505217174 492709746
68500007 15432240
1783428367 1642014992
1068294483 1551710924
1145558938 271760465
423512061 141732604
1746071167 306639024
1388823300 890736080
784313709 892942263
1900177456 1769592586
1093959831 859233082
829033430 1088129670
1955282701 420598983
400000501 597042059
684229561 407824751
1359278440 1189446735
900534497 1280294800
1204878975 536479216
774826145 125689811
88190140 1920385083
397450276 364218554
1914634040 143521442
670857578 1155973692
886773875 1455171288
48915954 639467684
1077280226 995392138
1498700766 1906313656
83521808 1306499820
179428992 336038662
1903541879 863658553
743863413 1115336671
53105287 1644397910
248147824 1110500615
33393479 1022973969
1236190426 121583619
795875404 1633640703
338318526 563025796
1629678498 1009176105
1718999488 368968726
316863745 1620431795
1008436410 1394143971
468340285 359653528
1152973979 404378446
1666153348 1332402971
740417109 1422211579
48577876 1484280522
390064603 101683163
981194785 638212427
1064700132 1014588264
1661186396 153406910
988688236 309578152
1787047613 1327006762
872603948 1269242464
188699219 444119788
1638211190 505562964
64551582 499163952
1899706935 385408220
858817480 905197267
789786667 377487181
90116590 1530203776
1799698760 138694467
867000650 42279715
92893983 1848195435
680492142 1157594115
715300051 194194890
1311001026 1703988287
503773042 950564991
883511402 1376376990
72323807 1072210621
1820496778 1710534997
1577773586 1737564713
62215301 1329996873
122972933 921032782
87710492 765275953
1298519963 177827083
147996081 950735075
316521550 1014996731
993014791 409415533
715708519 1673506933
1567009649 1431008570
1867701824 730527027
987513210 223991218
1681092018 1871024612
1600368209 1753415826
795751585 1273381339
1316467175 226041523
863462405 1378682477
1556038397 838951691
152231611 1643748889
1604227644 1450751574
1821575972 1752223725
254003001 138097521
619736808 1247017792
400029408 1335445327
773041078 1967039057
618970250 493259254
550082436 1606483460
717250472 83690806
1330024424 170135033
1837106632 125776008
1443516373 1006090160
204333885 159495130
237288989 1760372282
998446821 389520600
1256637523 455190817
1840272174 930729848
59930894 94275174
921343722 679667702
1193809320 1321373130
15113029 1966850398
1140928539 486599632
312626004 1691010975
93083091 1029876476
1774701782 1275623868
1200011510 1464324766
1253916229 496044235
322931278 1458250114
655539365 560220267
1071138748 1653986186
949740867 180292624
109177002 642529393
1111022472 21624249
589320921 32366193
701291951 1783130241
1206255677 568921333
1602496991 199700568
1055520965 1915122995
1890711544 1001120409
797515823 1517929678
129260629 1997527333
834770796 1383176859
346087920 1157702075
693943325 1001627285
1717922342 1765082074
508129823 520179562
1945374698 469823178
1162708955 908913522
491447427 1752029876
793796068 1192739379
1387676469 51744
1761660712 842689812
52268666 669698030
610329159 1942980210
1670818439 1407844983
1313426240 1800079069
1257888668 713388
1035772280 1603976589
1158415463 1729715605
458120226 728854158
1347314031 966250050
1249033720 1145205081
1436073228 264259027
54118602 1927520656
16288903 700431024
972776387 1256481725
552999121 586953451
99171537 605267787
1256651481 562017049
400764349 779986273
1969862032 1714190589
432581694 1080267053
1714903978 1468353974
536759994 725835793
1050585931 994880220
1454689951 250416315
1961130270 556240023
1395621396 1249719851
820499051 1302256352
1029756859 689304307
2687375 2533245
1945786032 408202849
442003049 1897473922
1013470637 1698654531
312007324 1414234986
331157156 134385708
980941928 763738850
1214652761 548362258
84609176 1751412755
1274198051 1135195107
598809328 581404355
1385611422 412455950
1137644378 633749171
1662175801 1958143429
1936005523 544449012
499964088 1791209251
399498610 298266473
51928452 841501660
48256747 1065399089
392672543 360264071
332150428 723829699
494649780 1313092356
1487568549 1709302541
1861454614 1572177725
1313231649 988169017
559889184 1912040977
1569573372 1945500607
177013279 559734103
431766130 1839189081
370393884 220288005
236154445 870357973
11497255 635653056
1168624446 63425707
1477154716 1216881193
981341150 1869827259
1577145265 1313491578
446173310 71795044
479100286 1933741859
1633613938 193071252
1358435936 799361939
1181240269 1918325120
563919268 603329994
1716342079 740932548
1163064097 624561
432637981 1533457981
220912566 668792426
256332306 84926174
1304445482 1424956752
868235 634116550
494354298 982209385
356460161 71499562
148217315 802633471
1995810960 627317601
588891682 1481941250
820388853 1947327618
133819542 1629121
1718169091 697738810
457475468 1287027522
1438671358 1620539565
1287652084 1871309339
1006513899 1508564650
392618118 1262846205
1593490825 1697063600
540319310 1594359060
183696503 1034673608
429084797 540156664
958689523 577302112
1342790136 807016835
1204619713 1931681818
141474437 25008565
1731525789 275293979
1879154040 1302211232
973032790 189145861
441755106 264220500
1809685426 1729407190
135529839 668715677
1090488193 380664310
1931561883 536495370
77727909 324397545
130854429 113940765
1359071153 412455579
654097430 170277028
989757691 1996887566
977293863 46893756
1781085736 1118768300
71902321 1365127877
1394062280 1803572714
519855461 219611422
1992718575 961610568
483831922 1654920354
543534110 471878114
176152383 1634022303
852542424 107714265
23034025 782786687
284628163 6404807
896727452 1643699316
418860386 1550824882
1813976344 1408618077
1400228800 643786559
1455511833 1033830889
1762554860 1379930507
251475118 1009133492
1036019574 771330580
1228744914 881254501
1732941148 1712576836
388691207 128991610
36971303 564843591
1763013914 889513727
525074209 1786047939
1672300414 809702373
1792452747 421544219
305918041 63829485
1972369101 119894385
1472447563 1225114254
616197297 780475748
111461495 231268509
12922608 362936613
1240402001 1048942182
1134267193 321663267
1930196683 719724693
34240103 171404243
848716304 71211406
736247834 464246570
813241486 1261322043
102810861 338058253
71024415 1895263608
759602472 229458810
1959093094 584487925
201869548 1284057009
1809602179 818066845
64532756 1921063674
1049335355 77455364
136516640 142253708
978913899 1270783833
463916976 761626935
1990508527 350673432
933031178 691741183
274401191 1669279012
1155987753 1087642677
783117407 1258798614
1425700930 706658176
1006578575 37819754
936116986 818188021
622307680 1137986534
102245029 284426211
1956053379 19294138
58006238 857905086
1949265857 194522878
1000158795 780696108
1465306711 1464075771
1542323043 1308331590
1814749203 327870573
72772 89150393
1997149585 1008576878
1029309423 632783345
119891845 307526706
1339441521 1126470420
345346460 128074859
1944658441 967654140
1266061393 1899419823
1252080352 1074631124
1771230314 1310086590
1932536211 1573012523
1504609468 785211358
206224984 822432531
101803481 1748548027
130764121 1916552684
76418600 1983353247
1858219430 1926084538
844446478 740045205
411384235 964338323
1047571911 1750825756
90808742 1392918372
1878900615 1887983536
213088864 997478360
1639919711 1465169216
72109484 1263666377
627772158 1857162048
689195253 132381625
494889758 895420237
807330510 596693239
496484616 790610984
365762275 425419569
626480583 76498057
204020460 1470927061
816543262 615404695
287781736 1864115174
218746804 231106831
1109549898 97647418
119090366 1322638762
947642132 1611526430
640324331 872267969
727709160 1268096489
581946369 1416904413
1252994468 1076836127
164841002 60324977
1673529366 661325618
703452314 39291640
1086745188 1329932897
115789697 1290765648
653376311 784849312
1906170343 941158047
501480838 124917146
1172264879 1611030736
75080918 1143871598
786185851 875239403
607914381 1426510182
1747507372 1335623541
547123023 181970093
605044306 1800117491
1258806220 769885308
1712958821 784851938
1431210926 268927487
676659931 370472466
1598860385 644965981
1661238114 104753048
1429815293 1419924810
1045911095 1931296132
1397358309 70692326
1394843220 1324955580
1214563925 33545423
52711335 1822478306
1460055605 1800218707
1010618199 7178628
1982188800 1615662505
1659812472 1093511372
238064165 1225287646
1878363310 1669275091
1494215133 407539593
39747557 945591870
1052505574 1553502024
1050344918 334837220
825943186 96256013
118649704 75817848
19464692 1513492924
1400773428 1234028617
1547038348 1453484764
909023275 859610305
1106219823 1919641474
719305286 940924976
1387820331 231634111
34436347 1625884496
1456921757 1765316011
1147675940 803653242
25371956 1039939850
1749245113 1077877531
445958226 652106383
1412714751 1271901413
600878749 1531364455
1347719261 620343442
897373731 601009041
1854372059 296928431
54493804 615911687
1156538737 1013229981
388069513 1875844023
1954154957 1775889845
107478133 1841107657
1254290693 1416916243
1458940020 254482985
73085838 1484311977
1294422835 1822330951
414705860 1740381062
326953686 1827420611
864798827 927832436
1211301418 65034440
1548175878 108675148
666043481 1255064289
258119933 573053639
1870975976 1414658670
1586283620 111561842
1143019045 1392954929
1887451687 1103013532
1086578938 994258732
372446127 398035311
1248741718 445531965
1882347288 395680905
120379268 149569500
136061966 447332955
1976990111 853377146
1375165391 1040807881
918411586 775857621
1001999382 1584455068
30921909 1260119315
10025059 1754414239
527294337 1596308679
1865976081 1670313383
841779960 1605944120
625843267 1928358898
452719204 998289394
178910561 1701460922
1443821360 61257848
97141827 1564200628
63343701 85720146
11533582 40333811
791613646 1239215326
933658045 1710025232
15072946 1935657428
1146996652 1898511210
1048293095 1157021711
1505441801 1575587433
605846742 1223934234
1098417168 1447626702
682394706 1724260435
1228501953 1135113910
575066181 1407412514
689091185 18887540
1321186716 638749365
1435604522 1384530417
576985864 1299654457
1277380582 1368599510
391386136 63554979
931141095 258975435
1999212407 78137746
10002997 900021855
1087675811 1515444798
328125640 1693522553
591895384 1426542808
993665608 1274290090
1003319595 74683913
261920353 1578385776
1482096427 951011538
1449789670 655799495
1589760903 737910544
40329912 19263119
37565000 1170226847
1387862630 281467489
1233781826 171520077
540442925 1085510586
102174176 550445922
1985532441 1189849987
65890720 166174433
735888893 510302457
1592717241 1729554501
1784592548 448553188
1804238414 46512900
26938963 1138851193
850040791 1329244986
1794650689 292318046
67155529 1687496954
311581165 1957236884
710240153 1699443795
91220725 1944021979
1870963872 631663650
882048917 1973138049
1182109573 720097710
1015504388 1100516646
886272143 1751393281
1610819103 331505736
1333464134 1247928003
780058924 990218900
1146957256 659514241
129070093 1996998047
1988759227 1776237135
141832445 1908431110
1316250441 453413611
1718184346 26490593
5373758 1809405071
1823028925 1876337631
293585074 557594195
1701992032 1475694647
1277691905 570012772
428727645 16480401
173922406 39546747
347986137 1507386540
1139991104 1128045062
350121793 139464712
1787559303 331708239
136462759 1628834882
107945373 130811557
1389782344 1276712167
584225168 960483042
1155719113 589598927
622404466 831264390
318452910 915989540
1388858585 20444941
244200539 519066843
442974066 672928184
535547244 616896472
564991284 883533381
124283012 1704982388
11578442 326921158
1844447101 1651654098
658629397 1833426213
1133005333 619091123
1964237770 375304029
1895803290 400979291
1335787072 904038755
990578218 1958191538
1735303145 1309031128
726697430 976678083
1181992422 970897969
1495744926 1624966488
1643826153 31292169
94379313 61333789
767341903 71178678
1766316178 631436699
398099836 1463279631
135607149 1056729233
1149222196 1268612482
1675820356 965976318
1643916512 1424139998
1366955609 832219936
180695105 210050179
642927826 1915998250
1519081307 1369625256
745192685 553590081
193039577 93453963
31072922 1836865730
124746132 125452235
1898199519 744604389
196630913 1517032049
1376041088 594730749
832828032 1511648237
1651459982 1982050228
632777072 1179796690
800542899 129209936
456453040 20014860
961429872 637148145
230065040 1604357698
405662747 1749146347
826499306 1150855433
155252781 1019538883
1244309396 186325703
708920965 1221571882
311777938 459636836
1966176271 508408851
1976668886 1194733711
1103139600 662013270
558898300 607115934
496579851 1191675372
1786912624 1297122750
1320885308 95882016
1317137610 134831532
733030161 1547202650
1739189230 1138692908
1148865350 418204888
142064693 1304118131
1437743771 1386374090
1490443834 146664735
460462324 1802221772
458817925 279154947
163146975 288003163
1473888658 1266286575
950016433 32786957
1873402509 1446596284
1076978683 1512831485
596235386 250380343
1608713501 1913372997
385211876 194260014
1313091999 124401105
1332952922 314473701
395122347 1475017616
1618591832 1832866118
713908058 961552018
1832047207 1174370382
616290142 143381484
1453525329 779437117
431384647 779930339
45723691 1381401080
665233649 1771642553
680513717 1742212332
1136990390 1276749103
1992592676 598220243
1042638452 230320904
792480257 208246804
207238362 125433179
522720505 602360709
1452967148 141312337
287743180 19391558
955380708 119790386
1193761940 1571670851
115688223 499803621
203624320 547072870
1279733960 101864365
1928473950 1944967609
1873506918 461504019
1539696294 863013661
1738253123 1384805322
1461233904 633407927
1615126226 106230514
841654731 1822364588
84180046 1364375237
277241650 1537147194
1358203927 564984830
1556538752 166100987
537291569 602817044
1737771838 652979792
1102620665 1941396159
1200052662 234870977
43260523 981042964
32354938 1769283794
1442546984 1572051232
484813807 1033316459
809372906 1946047712
1666724386 277015484
52278225 360895470
99380072 136458271
1725270707 229138075
1526121818 935990986
794122905 935176922
1102091973 1331414474
1537993966 692380164
1984394266 493130983
486292675 1036963280
728001960 382069551
18006243 760356898
3869697 1313069580
184924483 488683505
198902391 994297389
287247569 1865626778
1271312874 192042147
79038600 1223209299
181016771 1804309307
1452347374 1707138589
592816645 98986631
494831863 1694908618
1430401105 32825828
239805134 1267311723
378473164 726097809
156791355 1106475124
1108167360 27313951
1866832022 1112037058
1340383532 51756504
1600720563 1539285923
898570247 1887968132
1257429053 22399473
80010278 1336467653
1245608772 113543402
993293312 550472498
1820681991 1586109957
649459129 168030206
1133534928 79860233
53372387 1373340062
1199688309 431845551
99437871 1356479664
1538320675 1060121584
1383793615 1257669049
24674994 576693499
1161941907 1625395557
115979422 60512153
1365880041 1225924828
82911626 1298406672
414908834 1181036751
1411950074 1408202146
1731509249 1085148417
846828456 233484730
1253178623 1980363384
165861316 1306551010
1206219798 1365549625
1738396561 1158174022
574545641 1129233588
70811959 1958339256
239418990 95486953
387549108 1401360897
1720882511 356044883
1314389403 939278904
1581969711 1249817382
90201929 1996878545
283370485 1502152003
1257597044 14879733
439816773 104425499
100880816 1692995396
1937305236 266742132
852062759 996041386
1632291757 442975672
6731761 59353750
1572209261 77543720
17693005 1811628251
173030673 257758466
1065505500 1893913184
613803349 232411255
685708441 48289413
1482228637 775910370
45167957 1765599122
130578725 1155281354
1632995208 570395498
1112223206 1733876024
115907247 902044794
618155 967970006
1898086181 1485426265
1410945678 1904817942
1544780015 835671291
1982361662 1414989373
499815894 7908687
1672747840 1565321394
1901821872 139067541
1797732649 440046665
187356954 1132477638
1215957035 85041265
750593112 1346535760
1240322619 236104672
1916931259 205062178
1969980696 32838505
1107106972 1823115204
853324864 857709505
1161057821 116786894
615043799 558354188
952458186 449921813
1973343562 1452274080
457830501 1498607754
870111827 212168725
1637675295 520360828
652215390 1825032250
1652838467 1868172425
1910073515 255947931
1067224537 1002912486
492052604 836672148
1207974664 314549652
722027006 167597989
137664856 1575351870
1025307494 1151239030
1692138765 1640351294
0 0
