1797

636

260

873

964

84

698

554

669

324

485

770

41

422

693

28

179

989

620

664

637

273

857

489

808

27

718

479

424

645

767

841

971

27

404

935

802

101

488

470

116

663

931

848

84

623

851

263

611

160

928

247

433

474

426

932

501

143

410

615

479

177

456

449

895

550

383

386

341

561

547

457

224

477

304

999

790

846

953

401

5

570

338

129

43

455

60

234

598

470

849

767

337

995

216

922

544

289

999

886

541

545

32

765

712

27

453

501

873

405

592

878

975

621

6

708

75

757

942

363

918

481

130

254

475

346

867

710

325

865

285

866

99

7

320

811

34

774

311

907

869

594

475

844

214

171

241

289

619

874

652

536

354

782

480

519

818

36

919

143

901

203

699

1000

902

19

500

936

793

812

533

661

405

698

194

619

559

436

598

177

309

249

713

353

31

884

872

539

920

481

682

511

374

381

200

275

90

701

211

883

202

434

233

297

131

118

606

690

244

203

868

243

452

270

596

173

153

157

713

73

638

84

584

703

155

784

978

245

174

188

127

376

622

51

673

443

860

278

133

103

481

691

346

624

961

632

797

805

479

199

878

808

284

151

510

439

625

487

685

800

366

502

175

678

243

539

121

102

817

945

205

989

635

241

612

595

563

98

399

733

298

967

540

582

808

740

711

433

917

395

923

282

588

788

651

831

326

772

934

834

406

829

512

40

761

123

325

13

912

415

746

209

381

976

481

880

405

883

27

322

277

925

294

555

402

945

386

419

406

9

943

812

528

454

542

288

267

868

993

178

282

428

78

353

404

249

923

499

131

925

821

99

539

115

654

632

750

730

50

156

739

993

658

267

446

200

245

713

758

237

581

39

666

659

82

760

599

5

258

730

620

79

519

850

885

173

481

634

593

531

480

332

213

138

599

659

28

844

61

786

81

642

515

437

992

287

196

590

983

454

9

603

223

219

142

107

82

623

432

675

153

912

6

56

740

295

715

768

139

466

243

911

798

758

37

789

736

233

68

718

377

769

10

601

988

152

398

760

465

830

434

308

432

441

364

171

736

769

630

565

234

873

165

32

321

202

511

747

125

270

464

503

729

165

794

406

7

191

165

473

712

599

781

143

730

145

29

156

914

634

411

839

197

577

871

208

469

71

955

595

341

418

97

760

273

891

165

281

772

330

444

173

620

224

6

349

59

11

195

974

335

607

502

222

874

62

430

342

133

384

937

165

493

33

925

766

614

90

737

76

420

180

249

39

405

947

79

154

958

274

818

983

571

319

205

444

381

325

787

515

710

723

370

202

447

294

658

751

384

395

517

495

575

767

224

670

713

303

825

360

268

642

32

839

962

928

283

342

253

760

547

653

482

917

855

619

211

512

60

285

597

577

470

172

33

695

532

746

688

356

796

646

689

519

175

650

446

458

682

389

908

920

41

79

836

896

699

737

98

449

713

695

25

182

557

59

567

89

495

946

135

982

281

824

500

456

163

636

604

536

25

511

455

66

591

290

653

980

718

441

428

430

826

453

302

383

202

560

162

698

505

297

369

786

812

869

933

975

194

536

510

219

47

965

977

638

946

629

617

663

760

735

783

585

187

84

658

80

644

820

468

839

808

837

315

619

395

247

283

589

473

794

809

520

448

475

848

83

794

154

436

553

889

218

137

767

994

796

847

327

305

314

857

112

150

171

731

545

108

705

824

581

498

322

792

636

797

639

410

590

794

846

833

372

755

661

138

438

146

985

455

451

989

311

254

138

172

675

373

280

379

888

552

567

209

343

203

6

672

613

286

155

148

810

528

903

470

356

30

616

31

486

757

19

797

10

849

660

686

912

630

64

799

181

632

8

214

525

705

887

828

681

41

666

490

569

259

650

926

289

956

647

775

713

666

262

413

514

922

789

116

241

854

915

423

175

613

327

390

317

213

908

689

255

573

178

514

832

519

129

121

474

776

586

877

132

848

290

336

459

78

452

391

622

367

504

487

670

831

877

678

44

784

366

990

47

234

193

879

753

323

690

227

789

276

103

921

814

83

257

964

162

709

354

474

766

858

962

126

688

838

804

422

312

169

411

359

403

295

928

847

618

618

764

406

894

557

17

707

641

274

670

493

673

714

967

129

571

618

255

950

146

749

371

458

918

473

507

10

768

434

547

75

51

310

171

635

868

879

342

508

152

702

691

516

106

347

335

677

966

280

316

111

28

378

259

636

851

766

646

308

890

193

73

942

193

935

576

60

814

608

258

656

25

949

171

106

987

196

473

952

476

790

62

194

167

321

830

708

777

476

706

666

359

469

297

552

403

564

303

216

862

251

873

862

891

734

658

877

931

822

828

96

611

580

291

468

591

811

866

367

286

261

723

335

730

20

578

132

584

571

39

135

822

912

688

712

335

345

278

956

166

796

52

467

375

33

625

966

844

490

22

821

751

746

846

170

456

113

303

730

684

342

865

196

944

552

598

278

588

877

234

444

672

977

602

47

700

226

703

233

407

416

53

848

161

590

18

307

703

11

36

387

43

591

583

987

143

180

955

421

747

879

865

419

545

156

156

935

383

549

168

480

965

912

327

125

501

345

432

204

46

158

281

89

750

554

766

583

424

411

28

171

289

558

280

525

715

436

459

788

985

317

267

640

229

594

765

420

630

888

314

676

736

595

766

485

839

531

758

263

942

451

124

922

9

94

136

414

220

285

201

204

603

468

534

522

752

299

942

381

877

256

57

302

541

823

478

380

43

235

333

676

687

147

287

386

241

113

800

461

398

25

355

691

158

890

212

910

879

154

291

445

410

38

747

951

551

224

20

594

150

353

960

837

190

937

222

431

49

712

892

448

712

247

138

560

827

351

469

705

195

760

149

295

798

896

936

38

811

957

633

961

1000

282

797

190

219

709

621

268

420

203

406

822

140

545

381

967

586

540

671

471

991

510

766

478

95

701

517

906

347

149

866

347

121

352

227

340

751

848

609

861

741

705

682

881

249

753

847

525

293

207

996

283

717

761

451

813

152

968

718

499

807

274

846

929

316

72

268

67

611

567

928

351

272

300

923

211

52

769

427

35

667

422

8

383

874

460

886

25

427

294

524

234

568

60

162

884

823

120

641

123

378

569

165

340

869

87

551

611

546

978

337

212

90

345

286

964

495

171

679

923

465

893

847

723

953

699

297

466

819

938

589

887

196

444

226

755

531

778

366

77

445

393

980

535

738

265

188

924

127

867

536

282

760

382

696

402

80

993

868

589

620

147

166

817

591

392

571

122

169

627

890

305

19

869

840

448

825

719

371

952

585

907

233

344

979

929

747

749

611

304

27

231

451

193

738

733

586

999

855

445

316

434

750

335

993

280

473

817

999

844

768

273

440

692

308

418

310

745

166

922

48

194

843

190

387

270

923

973

268

467

108

584

901

858

610

583

828

82

400

516

617

858

790

56

239

97

475

550

842

331

161

580

215

28

460

603

964

382

265

231

539

373

506

129

922

115

713

439

888

112

956

504

660

435

251

900

532

416

449

63

747

300

333

963

303

794

255

957

866

210

187

405

584

383

224

195

188

937

634

767

739

279

270

399

714

211

989

936

627

437

689

64

737

22

717

730

506

972

686

61

181

563

156

455

637

381

340

825

7

975

281

747

253

552

836

658

453

824

593

80

951

282

835

377

995

551

797

190

212

172

251

83

425

408

539

61

789

569

577

486

543

858

232

487

99

758

144

553

271

427

323

221

709

848

288

393

398

84

583

300

256

835

383

682

933

612

743

411

181

9

897

414

868

820

591

657

577

735

209

539

853

222

760

251

69

739

645

157

823

918

457

79

442

531

451

374

833

884

475

13

894

372

118

451

191

709

107

458

134

7

997

987

920

447

928

990

185

572

146

7

490

294

777

622

825

918

997

347

802

471

51

385

533

169

836

724

568

633

873

392

330

869

68

250

315

997

930

190

568

766

198

748

59

665

370

574

583

56

922

74

217

973

459

751

832

985

164

399

307

727

792

638

596

860

578

601

856

507

792

114

963

680

552

713

34

612

286

307

668

898

381

576

560

840

326

81

824

180

171

822

908

653

149

193

202

727

484

58

924

966

863

886

335

104

598

