24
4240 52111 23318 20967 2479 3249 
52111 20967 4240 3249 72 102 271 236 177 103 204 308 92 393 79 133 113 328 168 280 235 431 85 306 73 130 43 121 247 
4240 52111 20967 3249 72 102 271 236 177 
52111 20967 3249 72 4240 102 271 23318 2479 99 641 3529 9342 729 3385 8985 1148 351 1814 6177 10454 927 11474 10676 1059 
52111 4240 20967 3249 23318 2479 99 72 102 271 236 
52111 20967 3249 72 102 271 236 177 103 204 
52111 20967 4240 23318 3249 2479 99 72 641 102 3529 9342 729 3385 8985 271 236 1148 351 177 1814 103 204 6177 10454 927 308 92 393 79 133 113 11474 10676 1059 11342 9455 10616 420 4549 3047 21384 19754 4129 2570 
4240 52111 23318 20967 3249 
52111 
4240 52111 20967 3249 72 102 23318 271 236 177 103 204 2479 99 308 92 641 3529 9342 729 393 3385 79 133 8985 1148 351 1814 113 6177 10454 927 
4240 52111 20967 3249 23318 2479 72 102 271 236 177 103 204 308 92 393 79 
4240 52111 20967 3249 23318 72 102 271 236 2479 99 641 177 103 3529 204 308 9342 729 3385 92 393 8985 79 133 1148 351 1814 6177 10454 927 11474 10676 1059 11342 9455 
52111 20967 3249 72 4240 102 271 236 23318 2479 
52111 4240 20967 3249 72 102 271 23318 2479 99 641 236 177 3529 103 9342 729 204 3385 8985 1148 308 351 92 1814 6177 393 10454 927 79 11474 10676 133 113 328 168 280 235 431 85 306 73 
52111 4240 20967 3249 72 102 271 236 177 103 
4240 52111 20967 3249 72 102 271 236 177 103 204 23318 308 92 2479 393 99 79 133 113 328 168 280 235 
4240 52111 20967 3249 72 102 271 236 177 103 204 308 92 393 79 133 113 328 168 280 235 431 85 306 73 130 43 121 247 37 172 409 9044 1844 3537 8366 
4240 52111 20967 23318 2479 99 641 3249 72 102 271 236 177 103 204 308 92 393 
4240 23318 2479 99 641 3529 52111 20967 3249 72 9342 102 271 
52111 20967 3249 72 102 271 236 177 103 204 308 92 393 
52111 20967 4240 3249 23318 72 102 2479 271 99 641 236 177 3529 9342 729 103 3385 204 8985 308 92 393 1148 79 351 1814 6177 10454 133 113 
52111 20967 4240 3249 72 102 23318 2479 271 236 177 99 103 204 641 308 92 393 79 133 113 328 168 280 235 431 85 306 73 130  
4240 52111 20967 3249 
4240 52111 20967 3249 23318 2479 72 102 99 271 641 3529 236 9342 729 177 3385 8985 1148 351 1814 6177 10454 927 11474 10676 1059 11342 9455 10616 420 4549 3047 21384 19754 4129 2570 2261 106 1275 
