13
1 2 3 4 5 6 7 8 9 10 11 12 13 14 15 16 17 18 19 20
100 100 100 100 100 100 100 100 100 100 100 100 100 100
500 500 500 500 500 500 500 500 500 500
50000 50000 50000 50000 50000 50000 50000 50000 50000 50000
132 902 123 424 35 321 531 345 123 6345 123 5345 52433 12311 53222 111111
4 2 2
6 1 1 1 1 1 1
12 1 1 1 1 1 1 1 1 1 1 1 1
12 2 2 2 2 2 2 4 4 4 4 4 4 21 3
123 234 345 345 234 123
9 18 27 36 6 6 6 6 6 6 9 18 18 9
2 3 5 7 11 13 17 23 25 32 31 7 13 49
100000 100000 100000 100000 50000 25000 10000 15000

