14
162 50 7 10966 24 8940 3 5788 611 178328 6709 39 471 1 7537 716 67940 22 15502 3 29407 3086 6398 27 58706 456 1 9 19187 77491 1 1346 66
950 17716 178 54 5776 34 183 5176 13398 249 2608 3681 855 88196 1891 58459 2753 27242 1729 231217
16 19706 7490 58606 363 10253 8709 167609 211 48747 38190 10696 3144 187 2425 4411 13443 10008 6 302 461 10367 2456 6948 1803 782 72642
10000 10000 10000 10000 10000 10000 10000 10000 10000 10000 10000 10000 10000 10000 10000 10000 10000 10000 10000 10000 10000 10000 10000 10000 10000 10000 10000 10000 10000 10000 10000 10000 10000 10000 10000 10000 10000 10000 10000 10000 10000 10000 10000 10000 10000 10000 10000 10000 10000 10000
34 77 34 87 13 8 123 56 8 65468 345 7684 135 498 654 687 14 9875 6871 451 679 5435 984 654 984 984 287 105 430 3455 245 779 2456 678 5633 161 186 343 87 23 98 34
592 1 7129 1646 2125 8696 2750 4168 3686 9436 331 5798 3723 2095 3083 4842 2 6813 5917 2052 3 4114 8137 2187 4065 7106 5639 9820 8208 2426 9788 8482 3498 8278 2551 3847 7984 4005 3963 8170 6949 6138 4285 7938 6149 7076 9697 9170 5766 256
250000 72500 1000 10000 2340 324 356 123 547 6574 123 234 436 5467 2354 213 23 34 2 5 5 667 3 2 1 1 34 45 45 675 34 34 234 234 435 234 45 45 125000
126 890 1432 857 3518 242 3556 935 1303 643 7504 6321 5814 1919 4493 4853 3527 4047 6785 3835 12602 6022 2473 12606 11850 16334 11609 8705 16540 17635 22378 6207 14040 17799 1387 16818 28793 14682 21062 6553 23399 6784 7866 33971 34677 31638 3543 11847 14532 2977
586 208 346 502 302 140 965 573 679 942 339 911 988 578 99 627 339 973 235 3 27 856 609 330 979 384 306 252 300 47 57 920 137 221 331 322 779 301 930 454 4 581 101 406 148 898 232 988 286 594
6813 7007 8614 1501 518 10571 23980 2479 4900 21366 11486 65 6963 12091 6137 13551 18288 18164 2499 2546 18813 15560 13972 20951 6918 4036 7446 23855 9381 14125 1097 4233 19459 2069 6858 5789 11585 6445 6996 714 918 6362 6791 30659 1337 18827 25064 9861 13953 6217
111 2323 2341 1235 3245 3245 2345 234 3245 3246 56 456 567 567 2345 2345 2345 2345 3245 456 426 567 678 789 5000 7 435 34634 333 333 333 3 3 2 1 435 567 68 78 3456 456 567 567 43 34 4256 4356 45 42 2456
10000 9999 9998 9997 9996 9995 9994 9993 9992 9991 9990 9989 9988 9987 9986 9985 9984 9983 9982 9981 9980 9979 9978 9977 9976 9975 9974 9973 9972 9971 9970 9969 9968 9967 9966 9965 9964 9963 9962 9961 9960 9959 9958 9957 9956 9955 9954 9953 9952 9951
9999 9998 9997 9996 9995 9994 9993 9992 9991 9990 9989 9988 9987 9986 9985 9984 9983 9982 9981 9980 9979 9978 9977 9976 9975 9974 9973 9972 9971 9970 9999 9998 9997 9996 9995 9994 9993 9992 9991 9990 9989 9988 9987 9986 9985 9984 9983 9982 9981 9980
12000 64444 1222 56 66 301 1005 100000 15444 9688 987 9888 1022 989 20111 50154 12445 454 877 657 7788 789 12 699 887 977 548 1 544 44133 654 68 879 669 451 3357 687 1123 12 51 13 25 687 665 48 889 11202 21547 10010

