40
10 1 4 1 2
4 6 1
6 9 2
12 1 2 4 1
6 12 1
20 1 3 20 5
0 4 5
4 8 4
8 12 3
12 16 2
16 20 1
12 1 2 2 1
6 12 1
12 1 2 3 1
6 12 1
12 1 2 5 1
6 12 1
12 1 2 6 1
6 12 1
100 3 7 5 1
0 100 10
100 1 10 1 20
0 5 40
5 10 50
10 15 40
15 20 50
20 25 40
25 30 50
30 35 40
35 40 50
40 45 40
45 50 50
50 55 40
55 60 50
60 65 40
65 70 50
70 75 40
75 80 50
80 85 40
85 90 50
90 95 40
95 100 45
1 1 4 1 1
0 1 1
100 3 5 1 1
9 100 5
100 17 20 1 20
0 4 13
4 6 19
6 9 9
9 10 17
11 12 12
13 17 13
17 22 17
24 28 4
28 30 1
30 31 1
34 35 3
37 39 9
48 51 1
53 54 19
54 56 11
59 61 14
85 86 9
86 88 9
92 99 2
99 100 5
100 4 7 9 20
5 12 20
16 18 34
18 21 80
21 24 38
24 25 71
25 26 83
27 33 15
33 34 88
34 36 61
42 43 44
43 48 34
68 70 74
71 73 68
73 75 36
80 83 1
84 85 19
85 87 38
91 95 1
96 98 8
99 100 17
100 3 4 22 20
6 7 3
11 12 2
12 13 2
13 14 1
18 25 4
25 27 4
27 28 1
28 35 2
35 37 4
37 40 5
43 48 2
48 51 3
52 54 2
62 66 5
66 71 1
71 73 4
77 78 1
78 80 5
89 92 3
98 99 2
100 2 3 100 20
2 3 4
13 15 12
21 22 2
28 34 1
34 35 2
37 42 13
43 46 12
51 52 10
54 60 14
60 62 6
65 67 8
68 71 5
74 78 3
78 79 1
79 80 7
81 83 1
84 87 5
92 93 2
93 94 6
97 98 14
97 1 2 36 2
11 17 1
34 97 2
75 99 100 1 18
0 9 100
9 15 29
15 16 59
16 18 56
18 20 26
20 23 23
23 30 71
30 32 58
32 41 12
41 51 55
51 55 61
55 57 9
57 63 75
64 65 18
65 67 44
67 71 92
71 74 68
74 75 26
100 2 43 1 20
5 14 7
22 24 25
24 26 24
26 28 50
28 37 28
37 38 44
38 39 18
39 46 25
46 47 8
47 49 25
49 53 35
54 55 34
55 58 36
60 65 29
72 73 18
75 79 44
79 81 3
87 93 13
95 98 22
99 100 35
100 16 17 5 20
1 2 9
2 4 14
4 7 2
15 16 14
21 25 6
25 31 11
31 32 4
37 44 17
47 49 5
49 51 2
52 55 12
58 60 7
65 67 4
67 68 3
68 69 17
69 71 9
73 80 2
86 87 7
87 89 7
89 91 6
100 2 9 25 20
1 2 2
7 8 1
8 9 1
9 11 4
14 15 6
15 19 3
23 26 1
26 28 12
28 31 10
31 32 8
36 37 17
37 40 9
40 45 8
47 49 9
49 52 1
52 53 5
53 58 5
79 80 3
86 90 12
93 94 3
100 12 15 100 20
0 5 13
6 7 15
7 8 5
8 9 5
9 12 6
21 22 8
26 27 15
27 30 12
34 36 15
36 43 7
44 47 11
47 49 12
50 56 15
62 66 12
67 68 15
71 76 15
76 80 10
84 85 8
96 97 2
97 100 13
88 1 2 28 17
5 6 2
6 10 1
10 19 1
19 22 1
22 24 2
24 26 2
26 28 1
28 30 2
30 37 1
37 44 1
44 51 1
51 74 1
74 77 1
77 82 2
82 84 1
84 86 1
86 88 2
51 81 100 1 13
12 13 67
13 15 82
15 17 2
17 20 97
20 25 50
25 26 79
26 27 48
27 28 14
28 31 99
31 33 23
33 37 83
49 50 4
50 51 11
100 10 11 7 20
3 5 12
9 13 12
13 15 6
15 16 7
17 19 5
23 24 2
24 27 6
27 28 10
39 40 8
44 45 9
45 46 2
46 48 9
51 53 4
55 57 9
57 58 4
63 68 4
74 77 1
77 79 10
79 83 1
95 99 3
100 12 15 5 20
3 12 5
16 19 11
21 23 5
23 25 17
26 27 9
27 28 9
28 30 6
30 32 1
40 41 4
49 50 10
52 53 4
53 60 16
60 68 15
68 69 12
69 71 4
71 74 6
74 76 18
91 94 1
94 95 2
95 96 16
100 2 28 27 20
12 18 30
18 23 6
30 32 5
32 33 10
49 50 3
52 53 25
56 57 16
60 64 18
70 71 9
71 74 18
74 75 34
76 78 16
78 79 14
80 83 3
86 89 8
90 93 34
93 95 29
95 96 2
96 98 35
98 100 22
100 14 16 100 20
4 10 20
10 11 28
14 15 3
15 21 30
24 26 22
26 28 7
32 38 3
38 39 11
39 41 11
41 43 18
43 44 2
48 49 21
56 57 6
57 59 23
76 77 26
77 80 26
85 88 5
96 97 8
97 98 1
98 100 22
58 1 2 17 10
1 4 2
4 9 2
17 30 2
30 35 1
35 37 2
37 43 2
43 45 2
45 49 2
49 57 2
57 58 1
84 17 100 1 6
5 10 99
12 18 22
18 32 85
41 45 87
61 71 26
71 84 32
93 24 28 1 17
0 18 8
18 19 8
19 23 2
23 37 28
37 38 6
38 39 41
39 46 19
46 47 2
47 49 37
49 50 10
50 56 48
56 60 14
60 67 38
68 72 10
72 73 7
73 75 20
75 93 30
89 2 3 23 3
15 19 4
32 67 3
77 84 2
66 3 9 3 7
4 5 6
5 18 15
18 19 12
19 27 16
27 35 14
43 60 14
62 66 5
91 15 20 3 9
3 20 13
34 41 17
41 55 10
55 56 7
65 67 17
72 74 18
74 75 14
87 89 4
89 91 14
71 15 40 1 5
15 17 40
17 28 84
28 29 7
29 57 63
57 71 21
96 20 31 2 19
2 10 35
10 15 31
16 19 45
19 20 17
20 24 6
26 28 31
28 32 33
32 44 77
51 52 31
52 53 50
53 58 23
58 64 33
64 72 67
72 75 28
75 76 66
78 80 22
88 90 5
90 92 32
92 95 13
94 12 19 3 9
6 8 24
8 10 3
10 18 30
18 23 8
23 42 29
45 54 6
54 58 24
58 65 8
65 94 4
88 2 3 25 20
7 8 3
18 25 1
26 27 3
27 33 1
33 34 1
34 36 4
36 40 3
40 43 4
43 44 1
46 47 4
47 48 5
50 51 1
51 55 2
55 58 4
58 60 1
60 66 1
66 70 5
70 75 1
75 79 1
79 83 3
67 1 7 10 20
0 1 7
1 4 12
4 8 11
8 15 7
15 17 7
17 18 11
18 20 13
20 28 11
28 33 9
33 35 1
35 37 4
37 40 3
40 43 11
43 44 4
44 49 8
52 56 12
57 61 5
61 65 1
65 66 7
66 67 3
79 4 7 9 15
5 8 7
8 15 2
15 20 4
27 32 5
37 43 4
43 45 5
45 47 3
47 50 4
50 54 5
54 55 6
55 56 3
58 63 6
67 68 3
70 73 1
73 79 1
84 6 8 6 13
1 3 17
3 5 14
5 20 7
20 26 16
26 42 16
42 46 5
46 47 7
60 64 18
64 70 19
70 76 6
76 77 11
77 79 18
79 84 1
