40
10 1 4 1 2
4 6 1
6 9 2
12 1 2 4 1
6 12 1
20 1 3 20 5
0 4 5
4 8 4
8 12 3
12 16 2
16 20 1
12 1 2 2 1
6 12 1
12 1 2 3 1
6 12 1
12 1 2 5 1
6 12 1
12 1 2 6 1
6 12 1
100 3 7 5 1
0 100 10
100 1 10 1 20
0 5 40
5 10 50
10 15 40
15 20 50
20 25 40
25 30 50
30 35 40
35 40 50
40 45 40
45 50 50
50 55 40
55 60 50
60 65 40
65 70 50
70 75 40
75 80 50
80 85 40
85 90 50
90 95 40
95 100 45
1 17 36 1 1
0 1 41
100 34 35 1 1
87 100 32
100 1 2 2 20
1 4 3
7 10 1
19 25 1
25 26 2
26 28 2
28 33 3
36 43 4
44 50 2
50 51 4
51 56 1
56 60 1
73 75 3
75 76 1
76 77 1
78 80 1
82 87 2
87 88 4
89 90 1
90 91 3
93 100 1
100 3 7 9 20
5 9 6
10 15 9
19 20 15
26 28 16
28 32 3
32 39 16
39 40 12
46 50 15
50 52 8
52 55 9
55 59 15
61 64 6
65 67 8
69 71 8
71 73 9
80 81 7
81 83 12
83 84 13
84 87 11
94 97 8
100 8 17 7 20
6 8 13
8 9 12
21 23 8
23 24 11
29 32 6
32 35 6
35 40 17
40 42 8
42 43 5
43 44 2
44 45 17
45 46 1
46 51 10
54 57 10
71 75 12
75 82 10
83 87 16
87 90 3
90 93 18
99 100 15
100 2 4 100 20
6 9 3
11 13 1
15 16 3
21 22 2
22 24 4
28 29 1
29 30 3
30 35 3
35 36 3
43 45 2
45 46 2
46 47 2
47 48 2
54 58 4
63 66 2
73 74 2
90 92 4
92 96 4
96 98 4
98 100 3
79 1 2 30 18
3 7 1
7 8 2
8 13 1
15 17 2
17 30 2
30 31 2
31 34 2
34 36 1
36 39 1
41 42 1
42 49 1
49 50 2
50 52 2
52 55 1
55 56 2
56 62 1
62 67 2
67 79 2
52 38 100 1 6
4 31 65
31 32 81
32 35 27
35 36 73
36 42 21
42 52 76
100 2 3 26 20
4 5 3
6 7 1
7 9 3
9 11 1
20 22 1
23 24 2
24 26 1
26 29 3
32 36 1
36 39 3
39 40 2
52 53 3
53 54 3
57 58 1
58 60 3
69 70 3
73 81 2
84 85 3
86 93 4
93 95 2
100 16 18 4 20
1 2 23
7 9 6
11 12 15
16 18 15
28 31 17
31 32 13
32 36 11
36 39 12
39 42 12
42 43 23
43 44 8
46 48 20
48 52 20
52 58 18
58 60 23
60 61 16
76 79 8
79 85 6
85 88 20
91 96 3
100 10 12 7 20
8 10 12
14 16 3
16 19 8
19 21 1
23 24 11
28 29 8
31 32 2
35 36 12
37 40 6
46 49 7
49 51 5
51 53 10
53 55 9
55 57 14
57 59 9
59 60 2
84 85 8
85 87 1
91 93 9
93 100 14
100 37 41 100 20
0 1 56
1 3 28
3 6 4
9 10 32
18 20 33
23 25 9
25 26 8
26 28 35
28 29 37
36 37 31
37 39 14
44 46 30
47 48 53
50 52 28
55 68 59
68 71 22
71 72 67
72 78 68
83 84 26
84 90 41
79 1 2 33 11
9 12 1
12 15 2
15 16 2
21 22 1
22 29 2
30 31 1
41 47 2
48 51 1
51 58 2
58 65 1
70 76 1
81 55 100 1 18
0 1 37
3 7 83
7 9 65
9 13 15
15 17 7
17 19 94
24 29 50
29 34 85
39 40 77
43 44 10
47 53 20
58 59 65
59 60 69
60 64 4
64 68 12
68 71 36
71 78 41
78 81 15
100 2 4 3 20
0 1 2
5 7 7
18 22 4
26 30 6
32 35 6
36 38 6
44 50 8
52 56 4
56 60 1
69 71 4
71 72 8
73 75 7
75 76 7
80 81 1
81 82 2
83 85 1
85 86 5
95 96 6
96 97 7
97 100 7
100 8 17 4 20
17 18 45
18 23 29
23 25 15
25 29 30
38 39 4
41 43 26
43 44 47
44 45 4
52 53 2
53 54 1
54 58 51
58 59 42
63 66 4
67 68 25
71 72 24
73 76 29
79 82 11
82 84 39
84 93 39
95 100 50
100 1 3 43 20
21 27 1
27 30 4
30 31 4
31 32 4
38 44 3
44 46 4
48 50 3
51 53 1
55 56 2
57 58 4
58 60 2
60 61 4
61 62 3
62 65 1
69 70 2
70 74 4
80 81 4
92 94 3
94 96 3
97 98 1
100 9 10 100 20
0 2 5
2 6 4
7 8 3
8 14 6
14 16 1
20 24 9
24 25 4
28 30 3
30 33 3
36 38 2
51 57 8
57 58 3
63 65 8
65 66 3
66 71 6
79 80 7
84 88 1
88 89 10
96 97 7
97 99 5
72 1 2 28 7
15 16 2
16 28 1
29 33 1
36 51 2
51 58 1
58 61 2
71 72 1
70 5 100 1 12
5 9 67
16 17 21
17 23 61
25 26 46
26 27 32
27 29 98
29 32 48
39 41 59
41 44 67
50 52 84
52 56 5
56 57 44
72 1 3 23 3
39 43 2
43 51 2
70 72 3
78 2 6 10 2
7 77 4
77 78 1
61 1 2 25 13
2 3 1
3 5 2
6 12 1
32 33 2
33 34 2
34 40 3
40 44 2
46 48 3
48 52 1
52 54 2
54 56 2
56 58 1
60 61 3
61 15 17 2 17
2 4 3
9 12 14
12 14 10
14 18 22
18 19 18
21 24 22
24 25 14
36 40 7
40 41 5
41 42 12
45 47 23
47 50 23
50 51 5
51 52 14
52 53 13
53 54 11
54 55 12
65 1 2 25 14
13 18 3
18 21 1
21 22 3
22 23 1
25 28 2
29 30 3
30 31 3
31 35 2
36 37 4
37 38 1
52 54 4
54 57 4
58 62 2
62 65 1
76 1 2 25 8
10 19 3
22 37 3
37 41 2
43 45 3
45 50 1
50 56 2
56 70 2
70 76 2
50 3 4 11 1
34 50 3
64 1 2 21 9
7 10 3
10 11 6
16 19 8
21 24 10
24 29 9
41 45 1
48 53 3
54 57 9
57 64 4
86 2 3 17 10
1 12 4
12 13 2
17 22 2
26 31 3
31 40 2
40 46 4
46 47 3
54 70 3
70 73 3
73 80 4
62 1 2 25 19
1 2 1
2 4 1
4 11 2
11 12 1
13 14 2
14 17 3
17 19 1
19 21 2
21 22 2
22 27 1
27 28 1
43 44 2
44 48 1
48 49 3
52 55 2
55 57 3
57 59 4
59 61 3
61 62 2
52 1 3 13 19
0 1 5
1 2 5
7 8 1
11 14 3
14 17 4
18 20 2
20 21 4
21 22 4
22 23 2
24 28 2
36 39 5
39 41 5
41 42 3
42 43 4
43 44 5
44 47 2
48 49 1
49 50 3
50 52 5
