1000
125
57641523027
896750286961
137858491848
27
728
148340626184
48636568368
78310985280
388658136736
892197455441
497184342769
574228670790
976695381840
395669934529
708710943505
496451295648
894567612293
905700395884
611447366401
500246412960
1419856
322687697778
453619761169
148035888
553814290968
750885835549
114413739000
910185053526
294749300552
516273345227
10240832808
480064232387
78310985281
778460229117
161050
1771560
394757610899
279841
885876452130
12167
648020170009
340978656579
178773558684
478190324917
356825827801
797096808409
906272872072
515307306579
804556228613
502594349371
885836050858
727128406217
253011890741
598839198002
786087975429
19487171
578517219966
526398912967
92180853768
923546585620
840937351618
398461954069
959678780337
411339441398
124489714560
651525444339
915908334961
161050
485927902101
653020761408
997559490841
723143976875
388731059401
14641
754106473167
706524954011
1419856
322687697779
654790144171
598749980974
2400
764058484627
217175439380
805413146391
1331
322687697779
604957069714
6436343
3404825446
145480453560
43469065386
64
366949321695
926932475899
351320554729
848482487317
733408767361
859992391081
975968143920
118587876496
419325203047
322687697779
195069738888
795426501343
893871739
54821071320
19683
83521
845247641269
748824132477
245746672023
678223072849
538773496800
257577490783
266639009640
446357182081
12167
342
468577213729
13860588360
2476099
346547674489
47045881
259919443501
367273572960
831575777083
289748588088
499840202754
618502029600
694084717727
146311605048
749223542929
795138957885
627484259545
167901300338
24137568
2377635120
12576632076
281643551401
31
512497060320
288215438449
12166
137858491849
613327424653
579354298997
759337147380
15625
878517947519
66875787461
801413968973
549324364323
572315299573
533921761369
161050
78253307118
509069407080
362189245275
783927847609
2476099
330075674671
137858491849
450135169737
856959369840
508934450503
214358881
911010617779
234781918848
669206824686
778419106733
950053735849
594823321
125
693239511113
2401
4912
290811054361
620639869249
233247463848
322687697779
491957343452
659299186367
954093307728
192163436721
921217959601
451050589609
262401087001
543569371507
1419856
662331006019
293748922579
2187
827264830681
599802355953
285311670610
137858491849
926529636322
783142376449
24389
148035889
472275451729
664272270840
915754321367
130321
391611872521
669865313208
471802760641
985023470281
969250112521
744163530605
67842286808
624
944812140589
500246412960
322041495169
549064698121
27916060560
749195520583
4826808
252000988009
894075937379
5764801
320021742601
784267876921
139264058760
6436343
26
117465909288
298617743759
150091123972
624
28561
336076437841
625
423191979828
110301701688
214358881
322687697779
429866333736
625869936401
2489111880
118587876497
3404825447
904201498661
406682972089
500246412961
956217664427
315824892289
723244329904
602841992041
125
394229460973
968435096281
979524464567
15625
568223694119
306965037823
459971714149
733388417160
705383882708
558934169160
585045363751
944704297681
919253335729
689213305933
799234212001
620536808951
809953078399
283909987001
276445659961
214613560351
24137568
131071
137858491848
410338673
40300051224
842834573939
588581196647
336515654149
542563848
307546775761
12195005760
83521
479658464983
503554149379
8
782781989399
894733476273
2400
921398694443
785612394759
804172132659
759878902709
282429536480
242454805608
158430269088
336122086741
83593320807
400530552082
512737660441
827452844219
349849618076
790311111383
923644069830
9093306789
79267258104
96174770401
943110752167
707281
878166526033
507871447801
578039363521
361053169128
1419856
14348906
579567504750
2187
9765624
309827537836
28560
724965399601
476780583049
548272875332
728776283490
707281
702863405269
367310277616
137858491849
696073681582
836476697280
12166
285035328768
652838313989
923838382695
180266854273
148035888
4890344760
743763081889
313995484608
799492195361
939544278319
524869301779
524213820839
540870522721
587079296521
828276549408
786818526906
243
4095
2400
248378826674
641337286379
400535285573
17396492808
620221396807
500246412961
795241248169
257960870009
118587876497
105404764920
969452605034
851681352730
279840
238318458498
14104598431
263065384200
2197
2401
183527416800
518812203071
962358308174
592462420741
362955851138
386245091621
2499300048
169736283268
16807
938225816089
78429470096
316078389013
282446542849
823543
18508174518
267422402641
923592155205
648692124631
9007338648
148035888
907965178912
774588235400
1419857
795034372609
459427039987
39042779319
435357262247
164005866597
65535
15625
78310985280
293945055888
371293
551687961049
994805444991
547284805369
849068836826
634891833601
461162834868
473312352528
411680074129
975413600323
751388536859
407540947882
137858491848
689140633333
978512220381
536767963041
849067002769
26
578315738043
551171123281
498584353693
397993989793
1594322
558850438969
667876314168
582007866883
71077159608
468691982403
594823321
740638387157
729
119896680120
137858491848
817194213211
949823238383
877974622009
2196
2400
515092816127
19683
92493232128
118587876496
833644073323
856445972533
821826128911
893871739
749000410300
226488848655
654908535136
676306583413
848242842001
92310845928
988757775769
989405498801
7
438123524280
437599449168
597060653809
779836631143
322687697778
906604676249
848004984230
159781674528
144383333825
1594322
47045880
823657709226
124
577626003480
12954764760
16983563041
78310985280
938321235181
542069987267
315180065281
894134774569
350275769281
676709489371
543951691597
653020761408
860990884620
568662022391
474111665737
722319015079
101895662520
24998964384
345329117600
628216345201
8191
678223072848
308445875406
161051
78310985281
285311670610
16063788048
819620598240
900845858641
401447692801
322687697778
747690525481
256
434303222839
374169858841
989590353633
975958254974
812823055489
510232281749
706126195417
771388054369
775507040029
319301925781
300023873321
1024
865942354012
80
285238241929
891846745261
588944849329
566127462409
655290669119
481903921249
673054519201
693435286045
26069008680
878563159735
362099452008
71200020166
779789581672
255954034560
446904283080
325958442601
331220525227
7
122562307920
996104872517
489346321927
594823320
689405082781
329050821417
686440419289
287526782225
350076938929
628523955601
844568695097
130320
32
616652159768
1000000000000
26
653001690526
922985004341
129140163
561230217409
106936194120
352951368
892113886564
752346909804
633286498848
998695929756
910129356049
371986548648
110528621001
128
487537701121
160882012200
539871059633
8
723949385671
937482888168
981861010321
495874483631
738922466731
577912264289
323768129853
127
921954282307
923760709537
420774066241
6859
563185708848
951293967649
161051
376963868873
652974555287
811427791817
18652184328
968886162477
641122704418
28458677808
294423706774
14371454160
4913
1330
860864985751
169612010901
716811142609
180225453307
636403648117
916620504409
78310985280
940195911768
16983563041
2186
835745184481
161051
731186849591
389764224721
608783693809
243
632535002839
865814576004
277201197000
597535886744
410234368903
163185303245
89945408280
692331668627
518527912873
478804404593
672659494064
625897752768
137858491848
493191976769
69063066820
367649408281
500246412961
359489360728
1331
20511148
958090550041
789689380633
520650276720
939784980559
193688890200
640551799753
279840
118665781440
586691674717
10576271280
17249876308
761889816769
382074609150
69181283815
588965364830
87111833082
422366110609
671509895347
134579656200
865010046643
995354419893
298843766528
555780859721
529220871520
707281
638882261081
492667821409
12008433888
790198322760
2197
518089954987
992520040009
995151890328
847793439523
792619913537
63424896648
3404825446
540293924677
449795335469
920106466184
123706405563
491739262249
594290208929
279841
756540437111
518384160121
969982705129
969052844827
430052189139
47045880
575776238689
636183307320
523557730219
647665206565
962613604942
460621283606
117649
891706021637
384415248461
973318391761
679917948607
677104261020
822748640321
500246412960
1331
6436342
812902189469
6859
435060071657
1162261466
766663101649
939238792853
708830970241
2047
733943848777
16807
118587876496
8
915024251761
509276216689
63
581475183613
47045880
883359559777
770464446558
848434374304
773118336509
664565869069
148225770000
889017292073
479098977271
18774423166
664171527961
612578794317
568088105843
12166
74792902249
789396666523
930187370737
497185700027
937196311920
657563448
228155755399
40248363045
676269544470
887449833821
374899146667
7394452080
852499509480
415672315801
330111977927
27
464740794961
701611577828
35896228368
1594323
808592271833
787572516901
344135859982
691427347687
895515938415
911491042853
148035889
572677985839
998862323761
594823320
4912
650681010437
419928624361
391872244009
449383725383
323916924768
386991198709
52117381660
9765624
241048595088
418852911338
729
127355483160
1953124
8
699725468909
133249471244
24137569
285311670611
426305832241
322687697778
20511149
815730720
629834291641
2186
624
59049
14640
303731749464
2476098
998998251001
729453762553
599763657271
694982134927
495555457849
16806
822360353377
339633693960
375147531287
359299872781
630494655787
2196
740816118233
488724700853
390624
19487171
167530733660
683712495749
3124
494331693377
793311583912
81
720730235328
125
584315709073
677036230583
500246412961
565737213259
518861240509
435881867311
1220703124
93585210888
510642437909
225141025326
733213266161
9073896048
418029414404
1024
2196
117649
594823321
27
243461242277
533953196111
410338672
482316734536
595203462289
350319764101
853968563323
269361585346
509220678408
598730845729
127591125600
825181385683
844507705144
177904529347
545413861719
600924762379
754898584801
75563962320
559876735843
971401446408
881426178648
161995785168
656084300857
624
324237997561
33430034145
739116479515
370705449457
408264057697
78310985280
309986949003
173719739208
412828095289
430965007091
175922773669
125
4912
945316759117
330382394520
285311670611
80
808955227031
547547001101
474543254641
142438218885
971169637160
118587876497
28561
914382813907
801586898293
1419856
118587876497
909793576561
78310985281
347534522332
137858491848
471003634303
360635079841
922112279173
4826809
689670449179
744084150443
890893604413
588706364845
1162261466
310742698248
395033180917
12167
1821326328
8
423282465233
192068620565
724229934289
293405305560
605974801963
28189095668
83520
560118748093
48828124
14640
1331
550517763241
417505945609
291365687089
887950020721
144119024062
46894214850
685602216121
500246412961
982022077881
607185366841
331665397997
916341725090
62291673888
388928096881
2357947690
581928860390
60312974568
500246412961
631330183409
916620504409
12166
378186886668
962068684201
853007119472
161050
946550851282
9803574168
955236561113
123918784440
838453745053
28560
579465473107
711234162409
715801962467
245992041600
668072465449
666079335497
606144773809
951371996688
834231914186
16806
995577910876
15625
66815529168
905882227891
905845254969
183870297600
158264407480
637613045269
405933362641
493049151225
6436342
589927043784
892065721483
88811748168
569709786319
6436342
749466735713
585981603899
692501806229
806751161019
866268006523
770077965919
849250330937
918471551119
4913
504844448567
539634865559
709355814199
564929828977
2197
981531198829
580687892957
217339760601
3404825447
853401927121
361849916792
59988433476
1
553959817522
322687697779
784813977611
399368737357
1220703125
570957050688
446123645417
2197
281627626298
699220850143
78310985280
380803447059
